    -0.056249    -0.008233     0.472835     0.570000     0.000868
    -0.056249    -0.008233     0.473435     0.570000     0.000016
    -0.056249    -0.008233     0.474035     0.570000     0.000212
    -0.056249    -0.008233     0.474635     0.570000     0.000297
    -0.056249    -0.005488     0.474035     0.570000     0.000983
    -0.056249    -0.005488     0.474635     0.570000     0.000598
    -0.056249    -0.005488     0.475235     0.570000     0.000825
    -0.034151    -0.049395     0.439235     0.570000     0.000616
    -0.034151    -0.049395     0.439835     0.570000     0.000438
    -0.034151    -0.049395     0.440435     0.570000     0.000532
    -0.034151    -0.049395     0.441035     0.570000     0.000394
    -0.030133    -0.052139     0.438635     0.570000     0.000222
    -0.030133    -0.052139     0.439235     0.570000     0.000988
    -0.030133    -0.052139     0.439835     0.570000     0.000511
    -0.030133    -0.052139     0.440435     0.570000     0.000819
    -0.028124    -0.052139     0.439835     0.570000     0.000077
    -0.028124    -0.052139     0.440435     0.570000     0.000229
    -0.028124    -0.052139     0.441035     0.570000     0.000453
    -0.024107    -0.054884     0.439235     0.570000     0.000466
    -0.024107    -0.054884     0.439835     0.570000     0.000120
    -0.024107    -0.054884     0.440435     0.570000     0.000689
    -0.022098    -0.054884     0.439835     0.570000     0.000150
    -0.022098    -0.054884     0.441635     0.570000     0.000669
    -0.020089    -0.054884     0.441635     0.570000     0.000301
    -0.020089    -0.054884     0.442235     0.570000     0.000378
     0.002009    -0.054884     0.452435     0.570000     0.000901
     0.002009    -0.054884     0.453035     0.570000     0.000200
     0.002009    -0.054884     0.453635     0.570000     0.000714
     0.002009    -0.054884     0.454235     0.570000     0.000360
     0.002009    -0.054884     0.454835     0.570000     0.000645
     0.004018    -0.054884     0.453635     0.570000     0.000404
     0.004018    -0.054884     0.454235     0.570000     0.000927
     0.004018    -0.054884     0.456035     0.570000     0.000113
     0.012053    -0.052139     0.458435     0.570000     0.000787
     0.012053    -0.052139     0.459035     0.570000     0.000239
     0.012053    -0.052139     0.459635     0.570000     0.000743
     0.012053    -0.052139     0.460235     0.570000     0.000472
     0.012053    -0.052139     0.460835     0.570000     0.000416
     0.014062    -0.052139     0.460235     0.570000     0.000055
     0.014062    -0.052139     0.460835     0.570000     0.000552
     0.014062    -0.052139     0.461435     0.570000     0.000458
     0.014062    -0.052139     0.462035     0.570000     0.000281
     0.020089    -0.049395     0.462635     0.570000     0.000104
     0.020089    -0.049395     0.464435     0.570000     0.000768
     0.020089    -0.049395     0.465035     0.570000     0.000315
     0.024107    -0.046651     0.463835     0.570000     0.000354
     0.024107    -0.046651     0.464435     0.570000     0.000032
     0.024107    -0.046651     0.465035     0.570000     0.000277
     0.024107    -0.046651     0.465635     0.570000     0.000994
     0.032142     0.046651     0.477635     0.570000     0.000886
     0.032142     0.046651     0.478235     0.570000     0.000334
     0.032142     0.046651     0.478835     0.570000     0.000614
     0.036160     0.043907     0.476435     0.570000     0.000047
     0.036160     0.043907     0.477035     0.570000     0.000650
     0.036160     0.043907     0.477635     0.570000     0.000212
     0.036160     0.043907     0.478235     0.570000     0.000983
     0.038169     0.041163     0.474035     0.570000     0.000002
     0.038169     0.041163     0.475835     0.570000     0.000246
     0.048213     0.027442     0.462635     0.570000     0.000612
     0.048213     0.027442     0.463235     0.570000     0.000107
     0.048213     0.027442     0.463835     0.570000     0.000069
     0.048213     0.027442     0.464435     0.570000     0.000707
     0.050222     0.024698     0.460235     0.570000     0.000443
     0.050222     0.024698     0.460835     0.570000     0.000057
     0.050222     0.024698     0.461435     0.570000     0.000212


    -0.056249    -0.008233     0.473435     0.577222     0.000673
    -0.056249    -0.008233     0.474035     0.577222     0.000458
    -0.056249    -0.008233     0.474635     0.577222     0.000754
    -0.056249    -0.005488     0.473435     0.577222     0.000266
    -0.056249    -0.005488     0.474035     0.577222     0.000835
    -0.056249    -0.005488     0.475835     0.577222     0.000399
    -0.056249    -0.005488     0.476435     0.577222     0.000834
    -0.056249    -0.002744     0.474635     0.577222     0.000266
    -0.056249    -0.002744     0.475235     0.577222     0.000268
    -0.056249    -0.002744     0.475835     0.577222     0.000216
    -0.056249    -0.002744     0.476435     0.577222     0.000405
    -0.030133    -0.052139     0.438035     0.577222     0.000523
    -0.030133    -0.052139     0.438635     0.577222     0.000090
    -0.030133    -0.052139     0.439235     0.577222     0.000417
    -0.028124    -0.052139     0.438635     0.577222     0.000184
    -0.028124    -0.052139     0.439235     0.577222     0.000898
    -0.028124    -0.052139     0.440435     0.577222     0.000426
    -0.028124    -0.052139     0.441035     0.577222     0.000894
    -0.024107    -0.054884     0.438635     0.577222     0.000363
    -0.024107    -0.054884     0.439235     0.577222     0.000120
    -0.024107    -0.054884     0.439835     0.577222     0.000623
    -0.022098    -0.054884     0.438635     0.577222     0.000591
    -0.022098    -0.054884     0.441635     0.577222     0.000189
    -0.020089    -0.054884     0.439835     0.577222     0.000692
    -0.020089    -0.054884     0.440435     0.577222     0.000773
    -0.020089    -0.054884     0.442235     0.577222     0.000427
    -0.018080    -0.054884     0.442235     0.577222     0.000724
    -0.018080    -0.054884     0.442835     0.577222     0.000970
     0.002009    -0.054884     0.452435     0.577222     0.000340
     0.002009    -0.054884     0.453035     0.577222     0.000035
     0.002009    -0.054884     0.453635     0.577222     0.000169
     0.002009    -0.054884     0.454235     0.577222     0.000882
     0.004018    -0.054884     0.454235     0.577222     0.000657
     0.004018    -0.054884     0.454835     0.577222     0.000781
     0.012053    -0.052139     0.457835     0.577222     0.000909
     0.012053    -0.052139     0.458435     0.577222     0.000045
     0.012053    -0.052139     0.459035     0.577222     0.000400
     0.012053    -0.052139     0.459635     0.577222     0.000298
     0.012053    -0.052139     0.460235     0.577222     0.000311
     0.018080    -0.049395     0.460835     0.577222     0.000340
     0.018080    -0.049395     0.461435     0.577222     0.000351
     0.018080    -0.049395     0.462035     0.577222     0.000570
     0.018080    -0.049395     0.462635     0.577222     0.000250
     0.018080    -0.049395     0.463235     0.577222     0.000505
     0.020089    -0.049395     0.462035     0.577222     0.000697
     0.020089    -0.049395     0.462635     0.577222     0.000001
     0.020089    -0.049395     0.463235     0.577222     0.000278
     0.020089    -0.049395     0.463835     0.577222     0.000060
     0.020089    -0.049395     0.464435     0.577222     0.000585
     0.022098     0.052139     0.478835     0.577222     0.000823
     0.022098     0.052139     0.479435     0.577222     0.000593
     0.024107    -0.046651     0.462035     0.577222     0.000308
     0.024107    -0.046651     0.465635     0.577222     0.000692
     0.024107    -0.046651     0.466235     0.577222     0.000754
     0.028124    -0.043907     0.462635     0.577222     0.000463
     0.028124    -0.043907     0.463235     0.577222     0.000635
     0.028124    -0.043907     0.465635     0.577222     0.000291
     0.028124    -0.043907     0.466235     0.577222     0.000850
     0.028124     0.049395     0.478235     0.577222     0.000592
     0.028124     0.049395     0.478835     0.577222     0.000816
     0.028124     0.049395     0.480635     0.577222     0.000245
     0.032142    -0.041163     0.463835     0.577222     0.000933
     0.032142    -0.041163     0.464435     0.577222     0.000908
     0.032142     0.046651     0.477035     0.577222     0.000414
     0.032142     0.046651     0.480035     0.577222     0.000137
     0.036160     0.043907     0.476435     0.577222     0.000113
     0.036160     0.043907     0.477035     0.577222     0.000694
     0.036160     0.043907     0.477635     0.577222     0.000721
     0.036160     0.043907     0.478235     0.577222     0.000047
     0.038169     0.041163     0.474035     0.577222     0.000279
     0.038169     0.041163     0.476435     0.577222     0.000198
     0.040178     0.038419     0.472235     0.577222     0.000651
     0.040178     0.038419     0.472835     0.577222     0.000133
     0.040178     0.038419     0.473435     0.577222     0.000255
     0.040178     0.038419     0.474035     0.577222     0.000977
     0.046204     0.030186     0.465035     0.577222     0.000904
     0.046204     0.030186     0.465635     0.577222     0.000289
     0.046204     0.030186     0.466235     0.577222     0.000238
     0.046204     0.030186     0.466835     0.577222     0.000767
     0.048213     0.027442     0.462035     0.577222     0.000040
     0.048213     0.027442     0.465035     0.577222     0.000399
     0.050222     0.024698     0.459035     0.577222     0.000843
     0.050222     0.024698     0.459635     0.577222     0.000664
     0.050222     0.024698     0.462035     0.577222     0.000491
     0.052231     0.019209     0.456035     0.577222     0.000699
     0.052231     0.019209     0.456635     0.577222     0.000364
     0.052231     0.019209     0.457235     0.577222     0.000598


    -0.056249    -0.005488     0.474035     0.584444     0.000928
    -0.056249    -0.005488     0.474635     0.584444     0.000473
    -0.056249    -0.005488     0.475235     0.584444     0.000505
    -0.056249    -0.002744     0.474635     0.584444     0.000103
    -0.056249    -0.002744     0.475235     0.584444     0.000540
    -0.056249    -0.002744     0.475835     0.584444     0.000600
    -0.056249    -0.002744     0.476435     0.584444     0.000052
    -0.056249    -0.002744     0.477035     0.584444     0.000932
    -0.056249     0.000000     0.475835     0.584444     0.000953
    -0.056249     0.000000     0.476435     0.584444     0.000945
    -0.028124    -0.052139     0.438635     0.584444     0.000820
    -0.028124    -0.052139     0.439235     0.584444     0.000700
    -0.022098    -0.054884     0.438635     0.584444     0.000576
    -0.022098    -0.054884     0.439235     0.584444     0.000193
    -0.022098    -0.054884     0.439835     0.584444     0.000224
    -0.022098    -0.054884     0.440435     0.584444     0.000488
    -0.020089    -0.054884     0.439835     0.584444     0.000246
    -0.020089    -0.054884     0.440435     0.584444     0.000370
    -0.020089    -0.054884     0.441035     0.584444     0.000215
    -0.020089    -0.054884     0.441635     0.584444     0.000639
     0.010044     0.054884     0.475835     0.584444     0.000757
     0.012053     0.054884     0.476435     0.584444     0.000514
     0.012053     0.054884     0.477035     0.584444     0.000430
     0.012053     0.054884     0.477635     0.584444     0.000971
     0.018080    -0.049395     0.461435     0.584444     0.000841
     0.020089     0.052139     0.478235     0.584444     0.000371
     0.020089     0.052139     0.478835     0.584444     0.000178
     0.020089     0.052139     0.479435     0.584444     0.000672
     0.022098     0.052139     0.478235     0.584444     0.000276
     0.022098     0.052139     0.480635     0.584444     0.000872
     0.022098     0.052139     0.481235     0.584444     0.000755
     0.024107    -0.046651     0.462035     0.584444     0.000236
     0.024107    -0.046651     0.462635     0.584444     0.000753
     0.024107    -0.046651     0.464435     0.584444     0.000857
     0.024107    -0.046651     0.465035     0.584444     0.000083
     0.026115     0.049395     0.478235     0.584444     0.000761
     0.026115     0.049395     0.478835     0.584444     0.000214
     0.026115     0.049395     0.479435     0.584444     0.000347
     0.028124    -0.043907     0.462035     0.584444     0.000268
     0.028124    -0.043907     0.465635     0.584444     0.000474
     0.028124    -0.043907     0.466235     0.584444     0.000951
     0.028124     0.049395     0.478235     0.584444     0.000954
     0.028124     0.049395     0.478835     0.584444     0.000720
     0.028124     0.049395     0.481235     0.584444     0.000074
     0.032142    -0.041163     0.462035     0.584444     0.000455
     0.032142    -0.041163     0.462635     0.584444     0.000572
     0.032142    -0.041163     0.465035     0.584444     0.000174
     0.032142    -0.041163     0.465635     0.584444     0.000917
     0.032142     0.046651     0.477635     0.584444     0.000174
     0.032142     0.046651     0.480035     0.584444     0.000271
     0.038169     0.041163     0.475235     0.584444     0.000838
     0.038169     0.041163     0.475835     0.584444     0.000909
     0.048213     0.027442     0.462635     0.584444     0.000525
     0.048213     0.027442     0.463235     0.584444     0.000092
     0.048213     0.027442     0.463835     0.584444     0.000233
     0.048213     0.027442     0.464435     0.584444     0.000904
     0.050222     0.024698     0.459635     0.584444     0.000774
     0.050222     0.024698     0.460235     0.584444     0.000098
     0.050222     0.024698     0.460835     0.584444     0.000035
     0.050222     0.024698     0.461435     0.584444     0.000416
     0.052231     0.019209     0.454835     0.584444     0.000069
     0.052231     0.019209     0.457835     0.584444     0.000529


     0.004018     0.054884     0.472835     0.591667     0.000819
     0.004018     0.054884     0.473435     0.591667     0.000965
     0.006027     0.054884     0.473435     0.591667     0.000491
     0.006027     0.054884     0.474035     0.591667     0.000107
     0.006027     0.054884     0.474635     0.591667     0.000499
     0.008036     0.054884     0.474035     0.591667     0.000486
     0.008036     0.054884     0.474635     0.591667     0.000539
     0.008036     0.054884     0.475235     0.591667     0.000742
     0.008036     0.054884     0.475835     0.591667     0.000015
     0.010044     0.054884     0.475235     0.591667     0.000321
     0.010044     0.054884     0.477035     0.591667     0.000045
     0.012053     0.054884     0.476435     0.591667     0.000049
     0.012053     0.054884     0.477035     0.591667     0.000642
     0.012053     0.054884     0.477635     0.591667     0.000253
     0.012053     0.054884     0.478235     0.591667     0.000883
     0.020089     0.052139     0.478235     0.591667     0.000026
     0.020089     0.052139     0.478835     0.591667     0.000849
     0.020089     0.052139     0.479435     0.591667     0.000615
     0.020089     0.052139     0.480035     0.591667     0.000512
     0.022098     0.052139     0.478835     0.591667     0.000459
     0.022098     0.052139     0.479435     0.591667     0.000917
     0.022098     0.052139     0.480635     0.591667     0.000672
     0.022098     0.052139     0.481235     0.591667     0.000799
     0.026115     0.049395     0.479435     0.591667     0.000806
     0.028124    -0.043907     0.462635     0.591667     0.000494
     0.028124    -0.043907     0.463235     0.591667     0.000104
     0.028124    -0.043907     0.463835     0.591667     0.000227
     0.028124    -0.043907     0.464435     0.591667     0.000818
     0.028124     0.049395     0.480035     0.591667     0.000973
     0.032142    -0.041163     0.462035     0.591667     0.000944
     0.032142    -0.041163     0.462635     0.591667     0.000241
     0.032142    -0.041163     0.463235     0.591667     0.000013
     0.032142    -0.041163     0.463835     0.591667     0.000260
     0.032142    -0.041163     0.464435     0.591667     0.000967
     0.034151    -0.038419     0.460835     0.591667     0.000654
     0.034151    -0.038419     0.461435     0.591667     0.000102
     0.034151    -0.038419     0.462035     0.591667     0.000373
     0.034151    -0.038419     0.462635     0.591667     0.000061
     0.034151    -0.038419     0.463235     0.591667     0.000713
     0.052231     0.019209     0.454835     0.591667     0.000580
     0.052231     0.019209     0.455435     0.591667     0.000792
     0.052231     0.019209     0.457235     0.591667     0.000207
     0.054240     0.013721     0.451835     0.591667     0.000925
     0.054240     0.013721     0.452435     0.591667     0.000735


    -0.054240     0.005488     0.474035     0.598889     0.000955
    -0.054240     0.005488     0.474635     0.598889     0.000036
    -0.054240     0.005488     0.475235     0.598889     0.000454
    -0.054240     0.005488     0.475835     0.598889     0.000082
    -0.054240     0.005488     0.476435     0.598889     0.000890
    -0.054240     0.008233     0.474635     0.598889     0.000796
    -0.054240     0.008233     0.475235     0.598889     0.000275
    -0.054240     0.008233     0.475835     0.598889     0.000397
    -0.004018     0.054884     0.468035     0.598889     0.000541
    -0.004018     0.054884     0.468635     0.598889     0.000108
    -0.004018     0.054884     0.469235     0.598889     0.000019
    -0.004018     0.054884     0.469835     0.598889     0.000859
    -0.002009     0.054884     0.468635     0.598889     0.000941
    -0.002009     0.054884     0.469235     0.598889     0.000425
    -0.002009     0.054884     0.470435     0.598889     0.000982
    -0.002009     0.054884     0.471035     0.598889     0.000178
     0.000000     0.054884     0.469835     0.598889     0.000556
     0.000000     0.054884     0.470435     0.598889     0.000884
     0.000000     0.054884     0.472235     0.598889     0.000184
     0.002009     0.054884     0.471035     0.598889     0.000237
     0.002009     0.054884     0.473435     0.598889     0.000477
     0.004018     0.054884     0.472235     0.598889     0.000218
     0.004018     0.054884     0.474035     0.598889     0.000805
     0.004018     0.054884     0.474635     0.598889     0.000803
     0.006027     0.054884     0.472835     0.598889     0.000868
     0.006027     0.054884     0.473435     0.598889     0.000861
     0.006027     0.054884     0.475235     0.598889     0.000613
     0.008036     0.054884     0.474035     0.598889     0.000349
     0.008036     0.054884     0.476435     0.598889     0.000195
     0.010044     0.054884     0.475235     0.598889     0.000351
     0.010044     0.054884     0.477035     0.598889     0.000769
     0.010044     0.054884     0.477635     0.598889     0.000758
     0.012053     0.054884     0.477035     0.598889     0.000585
     0.012053     0.054884     0.477635     0.598889     0.000495
     0.020089     0.052139     0.478835     0.598889     0.000580
     0.020089     0.052139     0.479435     0.598889     0.000290
     0.020089     0.052139     0.480035     0.598889     0.000865
     0.034151    -0.038419     0.460235     0.598889     0.000099
     0.034151    -0.038419     0.462635     0.598889     0.000411
     0.034151    -0.038419     0.463235     0.598889     0.000897
     0.054240     0.010977     0.450635     0.598889     0.000470
     0.054240     0.010977     0.451235     0.598889     0.000303
     0.054240     0.010977     0.451835     0.598889     0.000850
     0.054240     0.013721     0.451235     0.598889     0.000571
     0.054240     0.013721     0.451835     0.598889     0.000016
     0.054240     0.013721     0.452435     0.598889     0.000230


    -0.054240     0.002744     0.474635     0.606111     0.000936
    -0.054240     0.002744     0.475235     0.606111     0.000877
    -0.054240     0.005488     0.473435     0.606111     0.000113
    -0.054240     0.005488     0.477035     0.606111     0.000515
    -0.054240     0.005488     0.477635     0.606111     0.000947
    -0.054240     0.008233     0.473435     0.606111     0.000747
    -0.054240     0.008233     0.474035     0.606111     0.000620
    -0.054240     0.008233     0.477035     0.606111     0.000658
    -0.054240     0.008233     0.477635     0.606111     0.000723
    -0.052231     0.013721     0.472235     0.606111     0.000478
    -0.052231     0.013721     0.472835     0.606111     0.000533
    -0.052231     0.013721     0.474635     0.606111     0.000927
    -0.052231     0.013721     0.475235     0.606111     0.000063
    -0.022098     0.049395     0.459635     0.606111     0.000970
    -0.022098     0.049395     0.460235     0.606111     0.000749
    -0.022098     0.049395     0.460835     0.606111     0.000899
    -0.016071     0.052139     0.460835     0.606111     0.000635
    -0.016071     0.052139     0.461435     0.606111     0.000285
    -0.016071     0.052139     0.462035     0.606111     0.000842
    -0.016071     0.052139     0.462635     0.606111     0.000904
    -0.016071     0.052139     0.463235     0.606111     0.000449
    -0.016071     0.052139     0.463835     0.606111     0.000411
    -0.014062     0.052139     0.462035     0.606111     0.000211
    -0.014062     0.052139     0.462635     0.606111     0.000901
    -0.014062     0.052139     0.465035     0.606111     0.000436
    -0.014062     0.052139     0.465635     0.606111     0.000790
    -0.006027     0.054884     0.466835     0.606111     0.000504
    -0.006027     0.054884     0.467435     0.606111     0.000034
    -0.006027     0.054884     0.468035     0.606111     0.000097
    -0.006027     0.054884     0.468635     0.606111     0.000334
    -0.004018     0.054884     0.467435     0.606111     0.000017
    -0.004018     0.054884     0.470435     0.606111     0.000390
    -0.004018     0.054884     0.471035     0.606111     0.001000
    -0.002009     0.054884     0.468035     0.606111     0.000859
    -0.002009     0.054884     0.468635     0.606111     0.000734
    -0.002009     0.054884     0.472235     0.606111     0.000530
     0.000000     0.054884     0.469235     0.606111     0.000611
     0.000000     0.054884     0.473435     0.606111     0.000660
     0.002009     0.054884     0.470435     0.606111     0.000483
     0.002009     0.054884     0.474035     0.606111     0.000563
     0.004018     0.054884     0.471635     0.606111     0.000364
     0.004018     0.054884     0.475235     0.606111     0.000017
     0.006027     0.054884     0.472835     0.606111     0.000263
     0.006027     0.054884     0.475835     0.606111     0.000847
     0.006027     0.054884     0.476435     0.606111     0.000672
     0.008036     0.054884     0.474035     0.606111     0.000333
     0.008036     0.054884     0.474635     0.606111     0.000959
     0.008036     0.054884     0.477035     0.606111     0.000004
     0.010044     0.054884     0.475235     0.606111     0.000831
     0.010044     0.054884     0.475835     0.606111     0.000205
     0.010044     0.054884     0.476435     0.606111     0.000763
     0.010044     0.054884     0.477035     0.606111     0.000675
     0.010044     0.054884     0.477635     0.606111     0.000032
     0.012053     0.054884     0.477635     0.606111     0.000944
     0.020089     0.052139     0.479435     0.606111     0.000882
     0.020089     0.052139     0.480035     0.606111     0.000948
     0.034151    -0.038419     0.459035     0.606111     0.000470
     0.034151    -0.038419     0.459635     0.606111     0.000584
     0.034151    -0.038419     0.462635     0.606111     0.000109
     0.034151    -0.038419     0.463235     0.606111     0.000996
     0.036160    -0.035674     0.458435     0.606111     0.000501
     0.036160    -0.035674     0.459035     0.606111     0.000125
     0.036160    -0.035674     0.459635     0.606111     0.000402
     0.036160    -0.035674     0.460235     0.606111     0.000278
     0.036160    -0.035674     0.460835     0.606111     0.000216
     0.036160    -0.035674     0.461435     0.606111     0.000996
     0.040178    -0.032930     0.456635     0.606111     0.000513
     0.040178    -0.032930     0.457235     0.606111     0.000557
     0.040178    -0.032930     0.459635     0.606111     0.000955
     0.040178    -0.032930     0.460235     0.606111     0.000000
     0.042186    -0.030186     0.455435     0.606111     0.000629
     0.042186    -0.030186     0.456035     0.606111     0.000239
     0.042186    -0.030186     0.456635     0.606111     0.000783
     0.042186    -0.030186     0.457235     0.606111     0.000894
     0.042186    -0.030186     0.457835     0.606111     0.000550
     0.042186    -0.030186     0.458435     0.606111     0.000166
     0.054240     0.008233     0.448835     0.606111     0.000288
     0.054240     0.008233     0.449435     0.606111     0.000384
     0.054240     0.008233     0.450035     0.606111     0.000544
     0.054240     0.008233     0.450635     0.606111     0.000151
     0.054240     0.008233     0.451235     0.606111     0.000690
     0.054240     0.010977     0.448835     0.606111     0.000317
     0.054240     0.010977     0.452435     0.606111     0.000676
     0.054240     0.013721     0.450635     0.606111     0.000291
     0.054240     0.013721     0.451235     0.606111     0.000304
     0.054240     0.013721     0.451835     0.606111     0.000387
     0.054240     0.013721     0.452435     0.606111     0.000061
     0.054240     0.013721     0.453035     0.606111     0.000931


    -0.054240     0.005488     0.474035     0.613333     0.000329
    -0.054240     0.005488     0.474635     0.613333     0.000489
    -0.054240     0.005488     0.475235     0.613333     0.000928
    -0.054240     0.005488     0.475835     0.613333     0.000891
    -0.054240     0.005488     0.476435     0.613333     0.000384
    -0.054240     0.005488     0.477035     0.613333     0.000489
    -0.054240     0.008233     0.474035     0.613333     0.000632
    -0.054240     0.008233     0.474635     0.613333     0.000277
    -0.054240     0.008233     0.475235     0.613333     0.000846
    -0.054240     0.008233     0.475835     0.613333     0.000957
    -0.054240     0.008233     0.476435     0.613333     0.000579
    -0.054240     0.008233     0.477035     0.613333     0.000202
    -0.052231     0.010977     0.472835     0.613333     0.000749
    -0.052231     0.010977     0.473435     0.613333     0.000112
    -0.052231     0.010977     0.474035     0.613333     0.000162
    -0.052231     0.010977     0.474635     0.613333     0.000022
    -0.052231     0.010977     0.475235     0.613333     0.000509
    -0.052231     0.013721     0.471635     0.613333     0.000274
    -0.052231     0.013721     0.476435     0.613333     0.000504
    -0.050222     0.019209     0.470435     0.613333     0.000102
    -0.050222     0.019209     0.471035     0.613333     0.000746
    -0.050222     0.019209     0.472835     0.613333     0.000765
    -0.050222     0.019209     0.473435     0.613333     0.000086
    -0.048213     0.021953     0.469235     0.613333     0.000923
    -0.048213     0.021953     0.469835     0.613333     0.000441
    -0.048213     0.021953     0.470435     0.613333     0.000303
    -0.048213     0.021953     0.471035     0.613333     0.000533
    -0.030133     0.043907     0.459635     0.613333     0.000850
    -0.030133     0.043907     0.460235     0.613333     0.000841
    -0.026115     0.046651     0.458435     0.613333     0.000542
    -0.026115     0.046651     0.459035     0.613333     0.000217
    -0.026115     0.046651     0.459635     0.613333     0.000651
    -0.026115     0.046651     0.460235     0.613333     0.000679
    -0.026115     0.046651     0.460835     0.613333     0.000291
    -0.026115     0.046651     0.461435     0.613333     0.000442
    -0.022098     0.049395     0.458435     0.613333     0.000051
    -0.022098     0.049395     0.462035     0.613333     0.000376
    -0.022098     0.049395     0.462635     0.613333     0.000900
    -0.020089     0.049395     0.460235     0.613333     0.000339
    -0.020089     0.049395     0.460835     0.613333     0.000394
    -0.020089     0.049395     0.461435     0.613333     0.000763
    -0.020089     0.049395     0.462035     0.613333     0.000690
    -0.020089     0.049395     0.462635     0.613333     0.000188
    -0.020089     0.049395     0.463235     0.613333     0.000650
    -0.016071     0.052139     0.460835     0.613333     0.000084
    -0.016071     0.052139     0.463835     0.613333     0.000596
    -0.016071     0.052139     0.464435     0.613333     0.000558
    -0.014062     0.052139     0.461435     0.613333     0.000204
    -0.014062     0.052139     0.466235     0.613333     0.000445
    -0.012053     0.052139     0.463235     0.613333     0.000751
    -0.012053     0.052139     0.463835     0.613333     0.000282
    -0.012053     0.052139     0.466235     0.613333     0.000294
    -0.012053     0.052139     0.466835     0.613333     0.000750
    -0.004018     0.054884     0.468035     0.613333     0.000719
    -0.004018     0.054884     0.468635     0.613333     0.000067
    -0.004018     0.054884     0.469235     0.613333     0.000163
    -0.004018     0.054884     0.469835     0.613333     0.000079
    -0.004018     0.054884     0.470435     0.613333     0.000746
    -0.002009     0.054884     0.469235     0.613333     0.000031
    -0.002009     0.054884     0.469835     0.613333     0.000712
    -0.002009     0.054884     0.470435     0.613333     0.000973
    -0.002009     0.054884     0.471035     0.613333     0.000680
    -0.002009     0.054884     0.471635     0.613333     0.000093
     0.000000     0.054884     0.469835     0.613333     0.000930
     0.000000     0.054884     0.470435     0.613333     0.000160
     0.000000     0.054884     0.471035     0.613333     0.000898
     0.000000     0.054884     0.472235     0.613333     0.000766
     0.000000     0.054884     0.472835     0.613333     0.000076
     0.002009     0.054884     0.471035     0.613333     0.000971
     0.002009     0.054884     0.471635     0.613333     0.000065
     0.002009     0.054884     0.472235     0.613333     0.000725
     0.002009     0.054884     0.472835     0.613333     0.000863
     0.002009     0.054884     0.473435     0.613333     0.000438
     0.002009     0.054884     0.474035     0.613333     0.000445
     0.004018     0.054884     0.472835     0.613333     0.000175
     0.004018     0.054884     0.473435     0.613333     0.000370
     0.004018     0.054884     0.474035     0.613333     0.000400
     0.004018     0.054884     0.474635     0.613333     0.000095
     0.006027     0.054884     0.474035     0.613333     0.000544
     0.006027     0.054884     0.474635     0.613333     0.000130
     0.006027     0.054884     0.475235     0.613333     0.000211
     0.006027     0.054884     0.475835     0.613333     0.000771
     0.008036     0.054884     0.475835     0.613333     0.000853
     0.034151    -0.038419     0.460235     0.613333     0.000885
     0.034151    -0.038419     0.460835     0.613333     0.000925
     0.036160    -0.035674     0.457835     0.613333     0.000270
     0.036160    -0.035674     0.458435     0.613333     0.000368
     0.036160    -0.035674     0.459035     0.613333     0.000672
     0.036160    -0.035674     0.459635     0.613333     0.000592
     0.036160    -0.035674     0.460235     0.613333     0.000147
     0.036160    -0.035674     0.460835     0.613333     0.000588
     0.040178    -0.032930     0.456035     0.613333     0.000747
     0.040178    -0.032930     0.456635     0.613333     0.000230
     0.040178    -0.032930     0.457235     0.613333     0.000951
     0.040178    -0.032930     0.459035     0.613333     0.000715
     0.040178    -0.032930     0.459635     0.613333     0.000101
     0.042186    -0.030186     0.454235     0.613333     0.000377
     0.042186    -0.030186     0.454835     0.613333     0.000917
     0.042186    -0.030186     0.458435     0.613333     0.000507
     0.042186    -0.030186     0.459035     0.613333     0.000786
     0.044195    -0.027442     0.453035     0.613333     0.000605
     0.044195    -0.027442     0.453635     0.613333     0.000451
     0.044195    -0.027442     0.456035     0.613333     0.000977
     0.044195    -0.027442     0.456635     0.613333     0.000083
     0.046204    -0.024698     0.453035     0.613333     0.000687
     0.046204    -0.024698     0.453635     0.613333     0.000607
     0.046204    -0.024698     0.454235     0.613333     0.000874
     0.054240     0.005488     0.447635     0.613333     0.000630
     0.054240     0.005488     0.448235     0.613333     0.000027
     0.054240     0.005488     0.448835     0.613333     0.000244
     0.054240     0.005488     0.449435     0.613333     0.000022
     0.054240     0.005488     0.450035     0.613333     0.000713
     0.054240     0.008233     0.447635     0.613333     0.000065
     0.054240     0.008233     0.451235     0.613333     0.000408
     0.054240     0.010977     0.448235     0.613333     0.000434
     0.054240     0.010977     0.451835     0.613333     0.000969
     0.054240     0.010977     0.452435     0.613333     0.000511


    -0.052231     0.010977     0.473435     0.620556     0.000593
    -0.052231     0.010977     0.474035     0.620556     0.000248
    -0.052231     0.010977     0.474635     0.620556     0.000310
    -0.052231     0.010977     0.475235     0.620556     0.000768
    -0.052231     0.013721     0.472235     0.620556     0.000009
    -0.052231     0.013721     0.475835     0.620556     0.000334
    -0.050222     0.016465     0.471635     0.620556     0.000246
    -0.050222     0.016465     0.472235     0.620556     0.000207
    -0.050222     0.016465     0.472835     0.620556     0.000240
    -0.050222     0.016465     0.473435     0.620556     0.000158
    -0.050222     0.016465     0.474035     0.620556     0.000912
    -0.050222     0.019209     0.470435     0.620556     0.000204
    -0.050222     0.019209     0.473435     0.620556     0.000596
    -0.050222     0.019209     0.474035     0.620556     0.000615
    -0.048213     0.021953     0.468635     0.620556     0.000204
    -0.048213     0.021953     0.472235     0.620556     0.000231
    -0.046204     0.024698     0.468635     0.620556     0.000950
    -0.046204     0.024698     0.469235     0.620556     0.000951
    -0.036160     0.038419     0.460835     0.620556     0.000374
    -0.036160     0.038419     0.461435     0.620556     0.000006
    -0.036160     0.038419     0.462035     0.620556     0.000010
    -0.036160     0.038419     0.462635     0.620556     0.000388
    -0.034151     0.041163     0.458435     0.620556     0.000777
    -0.034151     0.041163     0.459035     0.620556     0.000136
    -0.034151     0.041163     0.459635     0.620556     0.000770
    -0.034151     0.041163     0.460835     0.620556     0.000794
    -0.034151     0.041163     0.461435     0.620556     0.000172
    -0.034151     0.041163     0.462035     0.620556     0.000744
    -0.030133     0.043907     0.457835     0.620556     0.000547
    -0.030133     0.043907     0.458435     0.620556     0.000636
    -0.030133     0.043907     0.461435     0.620556     0.000702
    -0.030133     0.043907     0.462035     0.620556     0.000493
    -0.026115     0.046651     0.457835     0.620556     0.000018
    -0.026115     0.046651     0.462035     0.620556     0.000231
    -0.022098     0.049395     0.458435     0.620556     0.000099
    -0.022098     0.049395     0.462035     0.620556     0.000380
    -0.022098     0.049395     0.462635     0.620556     0.000935
    -0.020089     0.049395     0.459635     0.620556     0.000476
    -0.020089     0.049395     0.460235     0.620556     0.000774
    -0.020089     0.049395     0.463235     0.620556     0.000580
    -0.020089     0.049395     0.463835     0.620556     0.000714
    -0.016071     0.052139     0.462035     0.620556     0.000505
    -0.016071     0.052139     0.462635     0.620556     0.000351
    -0.016071     0.052139     0.463235     0.620556     0.000602
    -0.014062     0.052139     0.462035     0.620556     0.000166
    -0.014062     0.052139     0.465635     0.620556     0.000113
    -0.012053     0.052139     0.463835     0.620556     0.000419
    -0.012053     0.052139     0.464435     0.620556     0.000351
    -0.012053     0.052139     0.465035     0.620556     0.000709
    -0.012053     0.052139     0.465635     0.620556     0.000565
    -0.012053     0.052139     0.466235     0.620556     0.000048
     0.042186    -0.030186     0.454235     0.620556     0.000127
     0.042186    -0.030186     0.454835     0.620556     0.000882
     0.042186    -0.030186     0.457235     0.620556     0.000697
     0.042186    -0.030186     0.457835     0.620556     0.000337
     0.044195    -0.027442     0.452435     0.620556     0.000273
     0.044195    -0.027442     0.453035     0.620556     0.000968
     0.044195    -0.027442     0.456035     0.620556     0.000689
     0.044195    -0.027442     0.456635     0.620556     0.000558
     0.046204    -0.024698     0.451235     0.620556     0.000733
     0.046204    -0.024698     0.451835     0.620556     0.000183
     0.046204    -0.024698     0.452435     0.620556     0.000770
     0.046204    -0.024698     0.453035     0.620556     0.000912
     0.046204    -0.024698     0.453635     0.620556     0.000579
     0.046204    -0.024698     0.454235     0.620556     0.000146
     0.054240    -0.002744     0.446435     0.620556     0.000847
     0.054240    -0.002744     0.447035     0.620556     0.000823
     0.054240     0.000000     0.446435     0.620556     0.000848
     0.054240     0.000000     0.447035     0.620556     0.000489
     0.054240     0.000000     0.447635     0.620556     0.000579
     0.054240     0.002744     0.446435     0.620556     0.000895
     0.054240     0.002744     0.447035     0.620556     0.000112
     0.054240     0.002744     0.447635     0.620556     0.000238
     0.054240     0.002744     0.448235     0.620556     0.000079
     0.054240     0.002744     0.448835     0.620556     0.000548
     0.054240     0.005488     0.447035     0.620556     0.000103
     0.054240     0.005488     0.449435     0.620556     0.000590
     0.054240     0.005488     0.450035     0.620556     0.000547
     0.054240     0.008233     0.447635     0.620556     0.000324
     0.054240     0.008233     0.450635     0.620556     0.000138
     0.054240     0.010977     0.449435     0.620556     0.000527
     0.054240     0.010977     0.450035     0.620556     0.000377
     0.054240     0.010977     0.450635     0.620556     0.000687


    -0.052231     0.013721     0.473435     0.627778     0.000886
    -0.052231     0.013721     0.474035     0.627778     0.000565
    -0.052231     0.013721     0.474635     0.627778     0.000639
    -0.050222     0.016465     0.471635     0.627778     0.000332
    -0.050222     0.016465     0.472235     0.627778     0.000199
    -0.050222     0.016465     0.472835     0.627778     0.000310
    -0.050222     0.016465     0.473435     0.627778     0.000026
    -0.050222     0.016465     0.474035     0.627778     0.000743
    -0.050222     0.019209     0.471035     0.627778     0.000250
    -0.050222     0.019209     0.471635     0.627778     0.000334
    -0.050222     0.019209     0.472235     0.627778     0.000494
    -0.050222     0.019209     0.472835     0.627778     0.000190
    -0.050222     0.019209     0.473435     0.627778     0.000514
    -0.048213     0.021953     0.468035     0.627778     0.000778
    -0.048213     0.021953     0.468635     0.627778     0.000746
    -0.048213     0.021953     0.472835     0.627778     0.000324
    -0.046204     0.024698     0.467435     0.627778     0.000230
    -0.046204     0.024698     0.468035     0.627778     0.000677
    -0.046204     0.024698     0.469835     0.627778     0.000853
    -0.046204     0.024698     0.470435     0.627778     0.000008
    -0.044195     0.030186     0.465635     0.627778     0.000782
    -0.044195     0.030186     0.466235     0.627778     0.000727
    -0.042186     0.032930     0.463835     0.627778     0.000822
    -0.042186     0.032930     0.464435     0.627778     0.000705
    -0.042186     0.032930     0.465035     0.627778     0.000937
    -0.038169     0.035674     0.462035     0.627778     0.000624
    -0.038169     0.035674     0.462635     0.627778     0.000083
    -0.038169     0.035674     0.463235     0.627778     0.000103
    -0.038169     0.035674     0.463835     0.627778     0.000105
    -0.038169     0.035674     0.464435     0.627778     0.000672
    -0.036160     0.038419     0.459635     0.627778     0.000081
    -0.036160     0.038419     0.463835     0.627778     0.000065
    -0.034151     0.041163     0.458435     0.627778     0.000053
    -0.034151     0.041163     0.462035     0.627778     0.000021
    -0.030133     0.043907     0.457835     0.627778     0.000370
    -0.030133     0.043907     0.462035     0.627778     0.000485
    -0.026115     0.046651     0.457835     0.627778     0.000002
