

    -0.042186    -0.041163     0.441635     0.577222     0.000745
     0.042186     0.041163     0.472835     0.577222     0.000794


    -0.054240    -0.019209     0.461435     0.584444     0.000378
    -0.054240    -0.019209     0.462035     0.584444     0.000856
    -0.054240    -0.019209     0.462635     0.584444     0.000888
    -0.054240    -0.019209     0.463235     0.584444     0.000327
    -0.036160    -0.046651     0.436835     0.584444     0.000768
    -0.036160    -0.046651     0.437435     0.584444     0.000043
    -0.036160    -0.046651     0.438035     0.584444     0.000560
     0.036160     0.046651     0.476435     0.584444     0.000518
     0.036160     0.046651     0.477035     0.584444     0.000093
     0.036160     0.046651     0.477635     0.584444     0.000599
     0.054240     0.019209     0.451235     0.584444     0.000482
     0.054240     0.019209     0.451835     0.584444     0.000827
     0.054240     0.019209     0.453035     0.584444     0.000169


    -0.056249    -0.013721     0.466835     0.591667     0.000896
    -0.028124    -0.052139     0.434435     0.591667     0.000343
    -0.028124    -0.052139     0.435035     0.591667     0.000511
    -0.028124    -0.052139     0.435635     0.591667     0.000165
    -0.022098    -0.054884     0.435635     0.591667     0.000898
     0.022098     0.054884     0.478835     0.591667     0.000848
     0.028124     0.052139     0.478835     0.591667     0.000127
     0.028124     0.052139     0.479435     0.591667     0.000634
     0.028124     0.052139     0.480035     0.591667     0.000208
     0.032142     0.049395     0.478835     0.591667     0.000923


    -0.056249    -0.010977     0.466835     0.598889     0.000302
    -0.056249    -0.010977     0.469835     0.598889     0.000311
    -0.056249    -0.008233     0.468635     0.598889     0.000811
    -0.056249    -0.008233     0.469235     0.598889     0.000614
    -0.056249    -0.008233     0.469835     0.598889     0.000969
    -0.032142    -0.049395     0.435035     0.598889     0.000286
    -0.032142    -0.049395     0.435635     0.598889     0.000185
    -0.032142    -0.049395     0.436235     0.598889     0.000862
    -0.028124    -0.052139     0.433235     0.598889     0.000347
    -0.028124    -0.052139     0.435635     0.598889     0.000469
    -0.022098    -0.054884     0.433835     0.598889     0.000133
    -0.022098    -0.054884     0.436235     0.598889     0.000075
    -0.020089    -0.054884     0.435035     0.598889     0.000177
    -0.020089    -0.054884     0.436835     0.598889     0.000800
    -0.020089    -0.054884     0.437435     0.598889     0.000650
    -0.018080     0.052139     0.456035     0.598889     0.000875
    -0.018080     0.052139     0.456635     0.598889     0.000257
    -0.018080     0.052139     0.457235     0.598889     0.000111
    -0.018080     0.052139     0.457835     0.598889     0.000486
    -0.016071     0.052139     0.458435     0.598889     0.000883
    -0.010044     0.054884     0.460235     0.598889     0.000793
    -0.010044     0.054884     0.460835     0.598889     0.000258
    -0.010044     0.054884     0.461435     0.598889     0.000856
    -0.010044     0.054884     0.462035     0.598889     0.000743
    -0.010044     0.054884     0.462635     0.598889     0.000028
    -0.008036     0.054884     0.461435     0.598889     0.000505
    -0.008036     0.054884     0.462035     0.598889     0.000921
    -0.008036     0.054884     0.464435     0.598889     0.000013
    -0.006027     0.054884     0.463835     0.598889     0.000806
    -0.006027     0.054884     0.464435     0.598889     0.000592
    -0.006027     0.054884     0.465035     0.598889     0.000926
     0.006027    -0.054884     0.449435     0.598889     0.000912
     0.006027    -0.054884     0.450035     0.598889     0.000581
     0.006027    -0.054884     0.450635     0.598889     0.000797
     0.008036    -0.054884     0.450035     0.598889     0.000012
     0.008036    -0.054884     0.452435     0.598889     0.000903
     0.008036    -0.054884     0.453035     0.598889     0.000521
     0.010044    -0.054884     0.451835     0.598889     0.000069
     0.010044    -0.054884     0.452435     0.598889     0.000688
     0.010044    -0.054884     0.453035     0.598889     0.000795
     0.010044    -0.054884     0.453635     0.598889     0.000203
     0.010044    -0.054884     0.454235     0.598889     0.000840
     0.016071    -0.052139     0.455435     0.598889     0.000999
     0.016071    -0.052139     0.456035     0.598889     0.000870
     0.018080    -0.052139     0.456635     0.598889     0.000549
     0.018080    -0.052139     0.457235     0.598889     0.000183
     0.018080    -0.052139     0.457835     0.598889     0.000331
     0.018080    -0.052139     0.458435     0.598889     0.000944
     0.020089     0.054884     0.477035     0.598889     0.000638
     0.020089     0.054884     0.477635     0.598889     0.000842
     0.020089     0.054884     0.479435     0.598889     0.000088
     0.022098     0.054884     0.478235     0.598889     0.000003
     0.022098     0.054884     0.480635     0.598889     0.000118
     0.028124     0.052139     0.478835     0.598889     0.000385
     0.028124     0.052139     0.481235     0.598889     0.000300
     0.032142     0.049395     0.478235     0.598889     0.000893
     0.032142     0.049395     0.478835     0.598889     0.000183
     0.032142     0.049395     0.479435     0.598889     0.000248
     0.056249     0.008233     0.444635     0.598889     0.000922
     0.056249     0.008233     0.445235     0.598889     0.000494
     0.056249     0.008233     0.445835     0.598889     0.000629
     0.056249     0.010977     0.444635     0.598889     0.000514
     0.056249     0.010977     0.447635     0.598889     0.000494


    -0.056249    -0.010977     0.467435     0.606111     0.000025
    -0.056249    -0.010977     0.468035     0.606111     0.000849
    -0.056249    -0.010977     0.469235     0.606111     0.000377
    -0.056249    -0.010977     0.469835     0.606111     0.000760
    -0.056249    -0.008233     0.468035     0.606111     0.000187
    -0.056249    -0.008233     0.470435     0.606111     0.000579
    -0.056249    -0.008233     0.471035     0.606111     0.000848
    -0.028124    -0.052139     0.433235     0.606111     0.000973
    -0.028124    -0.052139     0.433835     0.606111     0.000295
    -0.028124    -0.052139     0.434435     0.606111     0.000409
    -0.022098    -0.054884     0.433835     0.606111     0.000185
    -0.022098    -0.054884     0.434435     0.606111     0.000471
    -0.022098    -0.054884     0.435035     0.606111     0.000184
    -0.022098    -0.054884     0.435635     0.606111     0.000881
    -0.022098     0.049395     0.455435     0.606111     0.000546
    -0.022098     0.049395     0.456035     0.606111     0.000018
    -0.022098     0.049395     0.456635     0.606111     0.000082
    -0.022098     0.049395     0.457235     0.606111     0.000379
    -0.020089    -0.054884     0.434435     0.606111     0.000487
    -0.020089    -0.054884     0.435035     0.606111     0.000920
    -0.020089    -0.054884     0.436235     0.606111     0.000926
    -0.020089    -0.054884     0.436835     0.606111     0.000466
    -0.018080     0.052139     0.456635     0.606111     0.000193
    -0.018080     0.052139     0.457235     0.606111     0.000218
    -0.018080     0.052139     0.457835     0.606111     0.000065
    -0.018080     0.052139     0.458435     0.606111     0.000603
    -0.016071     0.052139     0.457235     0.606111     0.000573
    -0.016071     0.052139     0.457835     0.606111     0.000700
    -0.016071     0.052139     0.460235     0.606111     0.000048
    -0.010044     0.054884     0.461435     0.606111     0.000864
    -0.010044     0.054884     0.462035     0.606111     0.000641
    -0.010044     0.054884     0.462635     0.606111     0.000938
    -0.008036     0.054884     0.462035     0.606111     0.000003
    -0.008036     0.054884     0.464435     0.606111     0.000798
    -0.008036     0.054884     0.465035     0.606111     0.000644
    -0.006027     0.054884     0.463835     0.606111     0.000225
    -0.006027     0.054884     0.464435     0.606111     0.000458
    -0.006027     0.054884     0.465035     0.606111     0.000476
    -0.006027     0.054884     0.465635     0.606111     0.000187
     0.006027    -0.054884     0.448835     0.606111     0.000141
     0.006027    -0.054884     0.449435     0.606111     0.000527
     0.006027    -0.054884     0.450035     0.606111     0.000506
     0.006027    -0.054884     0.450635     0.606111     0.000188
     0.008036    -0.054884     0.449435     0.606111     0.000621
     0.008036    -0.054884     0.450035     0.606111     0.000827
     0.008036    -0.054884     0.452435     0.606111     0.000006
     0.010044    -0.054884     0.451835     0.606111     0.000955
     0.010044    -0.054884     0.452435     0.606111     0.000663
     0.010044    -0.054884     0.453035     0.606111     0.000887
     0.016071    -0.052139     0.454235     0.606111     0.000011
     0.016071    -0.052139     0.456635     0.606111     0.000726
     0.016071    -0.052139     0.457235     0.606111     0.000558
     0.018080    -0.052139     0.456035     0.606111     0.000656
     0.018080    -0.052139     0.456635     0.606111     0.000000
     0.018080    -0.052139     0.457235     0.606111     0.000147
     0.018080    -0.052139     0.457835     0.606111     0.000261
     0.020089     0.054884     0.477635     0.606111     0.000512
     0.020089     0.054884     0.478235     0.606111     0.000885
     0.020089     0.054884     0.479435     0.606111     0.000928
     0.020089     0.054884     0.480035     0.606111     0.000465
     0.022098    -0.049395     0.457235     0.606111     0.000343
     0.022098    -0.049395     0.457835     0.606111     0.000118
     0.022098    -0.049395     0.458435     0.606111     0.000049
     0.022098    -0.049395     0.459035     0.606111     0.000522
     0.022098     0.054884     0.478835     0.606111     0.000993
     0.022098     0.054884     0.479435     0.606111     0.000065
     0.022098     0.054884     0.480035     0.606111     0.000367
     0.022098     0.054884     0.480635     0.606111     0.000255
     0.028124     0.052139     0.480035     0.606111     0.000509
     0.028124     0.052139     0.480635     0.606111     0.000369
     0.056249     0.005488     0.444035     0.606111     0.000933
     0.056249     0.005488     0.444635     0.606111     0.000949
     0.056249     0.008233     0.443435     0.606111     0.000967
     0.056249     0.008233     0.444035     0.606111     0.000505
     0.056249     0.008233     0.446435     0.606111     0.000055
     0.056249     0.010977     0.444635     0.606111     0.000981
     0.056249     0.010977     0.445235     0.606111     0.000178
     0.056249     0.010977     0.445835     0.606111     0.000878
     0.056249     0.010977     0.446435     0.606111     0.000814
     0.056249     0.010977     0.447035     0.606111     0.000025


    -0.056249    -0.008233     0.468635     0.613333     0.000144
    -0.056249    -0.008233     0.469235     0.613333     0.000709
    -0.056249    -0.008233     0.469835     0.613333     0.000879
    -0.056249    -0.008233     0.470435     0.613333     0.000271
    -0.056249    -0.008233     0.471035     0.613333     0.000837
    -0.056249    -0.005488     0.469235     0.613333     0.000443
    -0.056249    -0.005488     0.469835     0.613333     0.000644
    -0.056249    -0.005488     0.471035     0.613333     0.000823
    -0.056249    -0.005488     0.471635     0.613333     0.000176
    -0.056249    -0.002744     0.470435     0.613333     0.000861
    -0.056249    -0.002744     0.471035     0.613333     0.000392
    -0.056249    -0.002744     0.471635     0.613333     0.000499
    -0.028124     0.046651     0.453635     0.613333     0.000792
    -0.028124     0.046651     0.454235     0.613333     0.000148
    -0.028124     0.046651     0.454835     0.613333     0.000060
    -0.028124     0.046651     0.455435     0.613333     0.000235
    -0.028124     0.046651     0.456035     0.613333     0.000950
    -0.022098     0.049395     0.454835     0.613333     0.000732
    -0.022098     0.049395     0.455435     0.613333     0.000610
    -0.022098     0.049395     0.457835     0.613333     0.000752
    -0.022098     0.049395     0.458435     0.613333     0.000601
    -0.020089    -0.054884     0.435035     0.613333     0.000968
    -0.016071     0.052139     0.457835     0.613333     0.000420
    -0.016071     0.052139     0.458435     0.613333     0.000575
    -0.016071     0.052139     0.459635     0.613333     0.000876
    -0.016071     0.052139     0.460235     0.613333     0.000041
     0.006027    -0.054884     0.449435     0.613333     0.000962
     0.016071    -0.052139     0.454235     0.613333     0.000088
     0.016071    -0.052139     0.454835     0.613333     0.000930
     0.016071    -0.052139     0.456035     0.613333     0.000616
     0.016071    -0.052139     0.456635     0.613333     0.000392
     0.022098    -0.049395     0.456035     0.613333     0.000564
     0.022098    -0.049395     0.456635     0.613333     0.000802
     0.022098    -0.049395     0.459035     0.613333     0.000641
     0.022098    -0.049395     0.459635     0.613333     0.000713
     0.028124    -0.046651     0.459035     0.613333     0.000325
     0.028124    -0.046651     0.459635     0.613333     0.000038
     0.028124    -0.046651     0.460235     0.613333     0.000244
     0.028124    -0.046651     0.460835     0.613333     0.000877
     0.056249     0.002744     0.442835     0.613333     0.000413
     0.056249     0.002744     0.443435     0.613333     0.000236
     0.056249     0.002744     0.444035     0.613333     0.000660
     0.056249     0.005488     0.442835     0.613333     0.000220
     0.056249     0.005488     0.443435     0.613333     0.000862
     0.056249     0.005488     0.444635     0.613333     0.000865
     0.056249     0.005488     0.445235     0.613333     0.000209
     0.056249     0.008233     0.443435     0.613333     0.000986
     0.056249     0.008233     0.444035     0.613333     0.000162
     0.056249     0.008233     0.444635     0.613333     0.000847
     0.056249     0.008233     0.445235     0.613333     0.000771
     0.056249     0.008233     0.445835     0.613333     0.000021


    -0.056249    -0.005488     0.470435     0.620556     0.000620
    -0.056249    -0.005488     0.471035     0.620556     0.000562
    -0.056249    -0.002744     0.470435     0.620556     0.000631
    -0.056249    -0.002744     0.471035     0.620556     0.000416
    -0.056249    -0.002744     0.471635     0.620556     0.000738
    -0.056249    -0.002744     0.472235     0.620556     0.000103
    -0.056249     0.000000     0.471035     0.620556     0.000781
    -0.056249     0.000000     0.471635     0.620556     0.000260
    -0.056249     0.000000     0.472235     0.620556     0.000616
    -0.056249     0.000000     0.472835     0.620556     0.000047
    -0.056249     0.002744     0.472835     0.620556     0.000984
    -0.034151     0.041163     0.455435     0.620556     0.000561
    -0.034151     0.041163     0.456035     0.620556     0.000191
    -0.034151     0.041163     0.456635     0.620556     0.000383
    -0.034151     0.041163     0.457235     0.620556     0.000087
    -0.030133     0.043907     0.456035     0.620556     0.000878
    -0.030133     0.043907     0.456635     0.620556     0.000949
    -0.026115     0.046651     0.456035     0.620556     0.000846
    -0.026115     0.046651     0.456635     0.620556     0.000792
    -0.022098     0.049395     0.456635     0.620556     0.000603
    -0.022098     0.049395     0.457235     0.620556     0.000590
     0.022098    -0.049395     0.457235     0.620556     0.000552
     0.022098    -0.049395     0.457835     0.620556     0.000568
     0.026115    -0.046651     0.457835     0.620556     0.000699
     0.026115    -0.046651     0.458435     0.620556     0.000757
     0.030133    -0.043907     0.457835     0.620556     0.000860
     0.030133    -0.043907     0.458435     0.620556     0.000789
     0.034151    -0.041163     0.457235     0.620556     0.000078
     0.034151    -0.041163     0.457835     0.620556     0.000395
     0.034151    -0.041163     0.458435     0.620556     0.000203
     0.034151    -0.041163     0.459035     0.620556     0.000551
     0.056249    -0.002744     0.441635     0.620556     0.000986
