    -0.334813    -0.457364    -0.182894     1.301716
    -0.334813    -0.457364    -0.146315     1.215450
    -0.334813    -0.457364    -0.109736     1.128773
    -0.334813    -0.457364    -0.073158     1.046673
    -0.334813    -0.457364    -0.036579     0.974291
    -0.334813    -0.457364     0.000000     0.916515
    -0.334813    -0.457364     0.036579     0.876799
    -0.334813    -0.457364     0.073158     0.856309
    -0.334813    -0.457364     0.109736     0.854322
    -0.334813    -0.457364     0.146315     0.869269
    -0.334813    -0.457364     0.182894     0.899339
    -0.334813    -0.365891    -0.182894     1.310437
    -0.334813    -0.365891    -0.146315     1.241930
    -0.334813    -0.365891    -0.109736     1.173077
    -0.334813    -0.365891    -0.073158     1.108238
    -0.334813    -0.365891    -0.036579     1.049821
    -0.334813    -0.365891     0.000000     0.997994
    -0.334813    -0.365891     0.036579     0.951522
    -0.334813    -0.365891     0.073158     0.909630
    -0.334813    -0.365891     0.109736     0.873900
    -0.334813    -0.365891     0.146315     0.848887
    -0.334813    -0.365891     0.182894     0.841014
    -0.334813    -0.274418    -0.182894     1.223386
    -0.334813    -0.274418    -0.146315     1.184529
    -0.334813    -0.274418    -0.109736     1.143671
    -0.334813    -0.274418    -0.073158     1.104549
    -0.334813    -0.274418    -0.036579     1.068216
    -0.334813    -0.274418     0.000000     1.033535
    -0.334813    -0.274418     0.036579     0.998967
    -0.334813    -0.274418     0.073158     0.964583
    -0.334813    -0.274418     0.109736     0.932887
    -0.334813    -0.274418     0.146315     0.907984
    -0.334813    -0.274418     0.182894     0.893741
    -0.334813    -0.182945    -0.182894     0.961442
    -0.334813    -0.182945    -0.146315     0.950434
    -0.334813    -0.182945    -0.109736     0.939416
    -0.334813    -0.182945    -0.073158     0.932146
    -0.334813    -0.182945    -0.036579     0.930643
    -0.334813    -0.182945     0.000000     0.934883
    -0.334813    -0.182945     0.036579     0.944263
    -0.334813    -0.182945     0.073158     0.958699
    -0.334813    -0.182945     0.109736     0.977654
    -0.334813    -0.182945     0.146315     0.998584
    -0.334813    -0.182945     0.182894     1.017105
    -0.334813    -0.091473    -0.182894     0.636854
    -0.334813    -0.091473    -0.146315     0.622871
    -0.334813    -0.091473    -0.109736     0.626351
    -0.334813    -0.091473    -0.073158     0.649634
    -0.334813    -0.091473    -0.036579     0.693518
    -0.334813    -0.091473     0.000000     0.756111
    -0.334813    -0.091473     0.036579     0.832181
    -0.334813    -0.091473     0.073158     0.913995
    -0.334813    -0.091473     0.109736     0.993427
    -0.334813    -0.091473     0.146315     1.063755
    -0.334813    -0.091473     0.182894     1.120121
    -0.334813     0.000000    -0.182894     0.570254
    -0.334813     0.000000    -0.146315     0.529949
    -0.334813     0.000000    -0.109736     0.524699
    -0.334813     0.000000    -0.073158     0.557258
    -0.334813     0.000000    -0.036579     0.622729
    -0.334813     0.000000     0.000000     0.711393
    -0.334813     0.000000     0.036579     0.812591
    -0.334813     0.000000     0.073158     0.916886
    -0.334813     0.000000     0.109736     1.016678
    -0.334813     0.000000     0.146315     1.106193
    -0.334813     0.000000     0.182894     1.181286
    -0.334813     0.091473    -0.182894     0.636227
    -0.334813     0.091473    -0.146315     0.621924
    -0.334813     0.091473    -0.109736     0.626046
    -0.334813     0.091473    -0.073158     0.651036
    -0.334813     0.091473    -0.036579     0.696556
    -0.334813     0.091473     0.000000     0.759310
    -0.334813     0.091473     0.036579     0.833800
    -0.334813     0.091473     0.073158     0.913470
    -0.334813     0.091473     0.109736     0.991713
    -0.334813     0.091473     0.146315     1.062296
    -0.334813     0.091473     0.182894     1.119598
    -0.334813     0.182945    -0.182894     0.960920
    -0.334813     0.182945    -0.146315     0.950353
    -0.334813     0.182945    -0.109736     0.939500
    -0.334813     0.182945    -0.073158     0.931809
    -0.334813     0.182945    -0.036579     0.929477
    -0.334813     0.182945     0.000000     0.933109
    -0.334813     0.182945     0.036579     0.942662
    -0.334813     0.182945     0.073158     0.957924
    -0.334813     0.182945     0.109736     0.977640
    -0.334813     0.182945     0.146315     0.998763
    -0.334813     0.182945     0.182894     1.017071
    -0.334813     0.274418    -0.182894     1.223353
    -0.334813     0.274418    -0.146315     1.184537
    -0.334813     0.274418    -0.109736     1.143645
    -0.334813     0.274418    -0.073158     1.104421
    -0.334813     0.274418    -0.036579     1.068009
    -0.334813     0.274418     0.000000     1.033330
    -0.334813     0.274418     0.036579     0.998808
    -0.334813     0.274418     0.073158     0.964450
    -0.334813     0.274418     0.109736     0.932773
    -0.334813     0.274418     0.146315     0.907913
    -0.334813     0.274418     0.182894     0.893707
    -0.334813     0.365891    -0.182894     1.310598
    -0.334813     0.365891    -0.146315     1.241728
    -0.334813     0.365891    -0.109736     1.172784
    -0.334813     0.365891    -0.073158     1.108380
    -0.334813     0.365891    -0.036579     1.050672
    -0.334813     0.365891     0.000000     0.999291
    -0.334813     0.365891     0.036579     0.952745
    -0.334813     0.365891     0.073158     0.910513
    -0.334813     0.365891     0.109736     0.874516
    -0.334813     0.365891     0.146315     0.849373
    -0.334813     0.365891     0.182894     0.841467
    -0.334813     0.457364    -0.182894     1.302294
    -0.334813     0.457364    -0.146315     1.215580
    -0.334813     0.457364    -0.109736     1.128632
    -0.334813     0.457364    -0.073158     1.046754
    -0.334813     0.457364    -0.036579     0.974872
    -0.334813     0.457364     0.000000     0.917342
    -0.334813     0.457364     0.036579     0.877414
    -0.334813     0.457364     0.073158     0.856576
    -0.334813     0.457364     0.109736     0.854539
    -0.334813     0.457364     0.146315     0.869758
    -0.334813     0.457364     0.182894     0.900113
    -0.267851    -0.457364    -0.182894     1.291973
    -0.267851    -0.457364    -0.146315     1.202310
    -0.267851    -0.457364    -0.109736     1.108291
    -0.267851    -0.457364    -0.073158     1.014844
    -0.267851    -0.457364    -0.036579     0.927892
    -0.267851    -0.457364     0.000000     0.854471
    -0.267851    -0.457364     0.036579     0.801577
    -0.267851    -0.457364     0.073158     0.774120
    -0.267851    -0.457364     0.109736     0.773412
    -0.267851    -0.457364     0.146315     0.797165
    -0.267851    -0.457364     0.182894     0.840932
    -0.267851    -0.365891    -0.182894     1.301041
    -0.267851    -0.365891    -0.146315     1.219331
    -0.267851    -0.365891    -0.109736     1.129448
    -0.267851    -0.365891    -0.073158     1.035962
    -0.267851    -0.365891    -0.036579     0.943962
    -0.267851    -0.365891     0.000000     0.858930
    -0.267851    -0.365891     0.036579     0.786914
    -0.267851    -0.365891     0.073158     0.734349
    -0.267851    -0.365891     0.109736     0.706785
    -0.267851    -0.365891     0.146315     0.707451
    -0.267851    -0.365891     0.182894     0.736955
    -0.267851    -0.274418    -0.182894     1.209023
    -0.267851    -0.274418    -0.146315     1.147238
    -0.267851    -0.274418    -0.109736     1.074284
    -0.267851    -0.274418    -0.073158     0.995036
    -0.267851    -0.274418    -0.036579     0.914962
    -0.267851    -0.274418     0.000000     0.840006
    -0.267851    -0.274418     0.036579     0.775896
    -0.267851    -0.274418     0.073158     0.727294
    -0.267851    -0.274418     0.109736     0.697438
    -0.267851    -0.274418     0.146315     0.688106
    -0.267851    -0.274418     0.182894     0.699448
    -0.267851    -0.182945    -0.182894     0.943574
    -0.267851    -0.182945    -0.146315     0.912642
    -0.267851    -0.182945    -0.109736     0.872606
    -0.267851    -0.182945    -0.073158     0.829482
    -0.267851    -0.182945    -0.036579     0.790311
    -0.267851    -0.182945     0.000000     0.761611
    -0.267851    -0.182945     0.036579     0.747510
    -0.267851    -0.182945     0.073158     0.748288
    -0.267851    -0.182945     0.109736     0.760356
    -0.267851    -0.182945     0.146315     0.777833
    -0.267851    -0.182945     0.182894     0.794896
    -0.267851    -0.091473    -0.182894     0.584312
    -0.267851    -0.091473    -0.146315     0.571731
    -0.267851    -0.091473    -0.109736     0.567517
    -0.267851    -0.091473    -0.073158     0.576421
    -0.267851    -0.091473    -0.036579     0.602516
    -0.267851    -0.091473     0.000000     0.646486
    -0.267851    -0.091473     0.036579     0.704590
    -0.267851    -0.091473     0.073158     0.769810
    -0.267851    -0.091473     0.109736     0.833914
    -0.267851    -0.091473     0.146315     0.889443
    -0.267851    -0.091473     0.182894     0.931105
    -0.267851     0.000000    -0.182894     0.516141
    -0.267851     0.000000    -0.146315     0.501120
    -0.267851     0.000000    -0.109736     0.501019
    -0.267851     0.000000    -0.073158     0.527791
    -0.267851     0.000000    -0.036579     0.579096
    -0.267851     0.000000     0.000000     0.649490
    -0.267851     0.000000     0.036579     0.732257
    -0.267851     0.000000     0.073158     0.820706
    -0.267851     0.000000     0.109736     0.908213
    -0.267851     0.000000     0.146315     0.988087
    -0.267851     0.000000     0.182894     1.032393
    -0.267851     0.091473    -0.182894     0.584013
    -0.267851     0.091473    -0.146315     0.571353
    -0.267851     0.091473    -0.109736     0.567625
    -0.267851     0.091473    -0.073158     0.577401
    -0.267851     0.091473    -0.036579     0.604039
    -0.267851     0.091473     0.000000     0.647754
    -0.267851     0.091473     0.036579     0.704980
    -0.267851     0.091473     0.073158     0.769277
    -0.267851     0.091473     0.109736     0.832967
    -0.267851     0.091473     0.146315     0.888723
    -0.267851     0.091473     0.182894     0.930888
    -0.267851     0.182945    -0.182894     0.943588
    -0.267851     0.182945    -0.146315     0.912717
    -0.267851     0.182945    -0.109736     0.872520
    -0.267851     0.182945    -0.073158     0.829016
    -0.267851     0.182945    -0.036579     0.789542
    -0.267851     0.182945     0.000000     0.760886
    -0.267851     0.182945     0.036579     0.747140
    -0.267851     0.182945     0.073158     0.748309
    -0.267851     0.182945     0.109736     0.760541
    -0.267851     0.182945     0.146315     0.777919
    -0.267851     0.182945     0.182894     0.794811
    -0.267851     0.274418    -0.182894     1.209215
    -0.267851     0.274418    -0.146315     1.146764
    -0.267851     0.274418    -0.109736     1.073444
    -0.267851     0.274418    -0.073158     0.994564
    -0.267851     0.274418    -0.036579     0.915451
    -0.267851     0.274418     0.000000     0.841409
    -0.267851     0.274418     0.036579     0.777615
    -0.267851     0.274418     0.073158     0.728705
    -0.267851     0.274418     0.109736     0.698286
    -0.267851     0.274418     0.146315     0.688528
    -0.267851     0.274418     0.182894     0.699759
    -0.267851     0.365891    -0.182894     1.300844
    -0.267851     0.365891    -0.146315     1.218478
    -0.267851     0.365891    -0.109736     1.128688
    -0.267851     0.365891    -0.073158     1.036581
    -0.267851     0.365891    -0.036579     0.946547
    -0.267851     0.365891     0.000000     0.862696
    -0.267851     0.365891     0.036579     0.790376
    -0.267851     0.365891     0.073158     0.736575
    -0.267851     0.365891     0.109736     0.707907
    -0.267851     0.365891     0.146315     0.708133
    -0.267851     0.365891     0.182894     0.737656
    -0.267851     0.457364    -0.182894     1.292307
    -0.267851     0.457364    -0.146315     1.202676
    -0.267851     0.457364    -0.109736     1.108495
    -0.267851     0.457364    -0.073158     1.014632
    -0.267851     0.457364    -0.036579     0.927157
    -0.267851     0.457364     0.000000     0.853418
    -0.267851     0.457364     0.036579     0.800656
    -0.267851     0.457364     0.073158     0.773684
    -0.267851     0.457364     0.109736     0.773426
    -0.267851     0.457364     0.146315     0.797318
    -0.267851     0.457364     0.182894     0.841031
    -0.200888    -0.457364    -0.182894     1.269117
    -0.200888    -0.457364    -0.146315     1.184411
    -0.200888    -0.457364    -0.109736     1.095343
    -0.200888    -0.457364    -0.073158     1.007328
    -0.200888    -0.457364    -0.036579     0.924907
    -0.200888    -0.457364     0.000000     0.852054
    -0.200888    -0.457364     0.036579     0.793149
    -0.200888    -0.457364     0.073158     0.752920
    -0.200888    -0.457364     0.109736     0.734878
    -0.200888    -0.457364     0.146315     0.740179
    -0.200888    -0.457364     0.182894     0.768230
    -0.200888    -0.365891    -0.182894     1.264911
    -0.200888    -0.365891    -0.146315     1.184232
    -0.200888    -0.365891    -0.109736     1.092170
    -0.200888    -0.365891    -0.073158     0.993435
    -0.200888    -0.365891    -0.036579     0.893295
    -0.200888    -0.365891     0.000000     0.797545
    -0.200888    -0.365891     0.036579     0.713724
    -0.200888    -0.365891     0.073158     0.651805
    -0.200888    -0.365891     0.109736     0.621695
    -0.200888    -0.365891     0.146315     0.628438
    -0.200888    -0.365891     0.182894     0.670020
    -0.200888    -0.274418    -0.182894     1.192524
    -0.200888    -0.274418    -0.146315     1.120516
    -0.200888    -0.274418    -0.109736     1.033976
    -0.200888    -0.274418    -0.073158     0.937168
    -0.200888    -0.274418    -0.036579     0.835829
    -0.200888    -0.274418     0.000000     0.737561
    -0.200888    -0.274418     0.036579     0.651574
    -0.200888    -0.274418     0.073158     0.587630
    -0.200888    -0.274418     0.109736     0.554076
    -0.200888    -0.274418     0.146315     0.555054
    -0.200888    -0.274418     0.182894     0.588469
    -0.200888    -0.182945    -0.182894     0.910740
    -0.200888    -0.182945    -0.146315     0.871370
    -0.200888    -0.182945    -0.109736     0.818455
    -0.200888    -0.182945    -0.073158     0.756671
    -0.200888    -0.182945    -0.036579     0.692907
    -0.200888    -0.182945     0.000000     0.635118
    -0.200888    -0.182945     0.036579     0.590257
    -0.200888    -0.182945     0.073158     0.562152
    -0.200888    -0.182945     0.109736     0.550651
    -0.200888    -0.182945     0.146315     0.552574
    -0.200888    -0.182945     0.182894     0.563801
    -0.200888    -0.091473    -0.182894     0.525451
    -0.200888    -0.091473    -0.146315     0.519075
    -0.200888    -0.091473    -0.109736     0.514463
    -0.200888    -0.091473    -0.073158     0.514305
    -0.200888    -0.091473    -0.036579     0.521074
    -0.200888    -0.091473     0.000000     0.536122
    -0.200888    -0.091473     0.036579     0.559022
    -0.200888    -0.091473     0.073158     0.587386
    -0.200888    -0.091473     0.109736     0.617365
    -0.200888    -0.091473     0.146315     0.644717
    -0.200888    -0.091473     0.182894     0.665875
    -0.200888     0.000000    -0.182894     0.375958
    -0.200888     0.000000    -0.146315     0.390881
    -0.200888     0.000000    -0.109736     0.417754
    -0.200888     0.000000    -0.073158     0.453317
    -0.200888     0.000000    -0.036579     0.494863
    -0.200888     0.000000     0.000000     0.540147
    -0.200888     0.000000     0.036579     0.586916
    -0.200888     0.000000     0.073158     0.632785
    -0.200888     0.000000     0.109736     0.675471
    -0.200888     0.000000     0.146315     0.712763
    -0.200888     0.000000     0.182894     0.742309
    -0.200888     0.091473    -0.182894     0.525603
    -0.200888     0.091473    -0.146315     0.519138
    -0.200888     0.091473    -0.109736     0.514536
    -0.200888     0.091473    -0.073158     0.514467
    -0.200888     0.091473    -0.036579     0.521321
    -0.200888     0.091473     0.000000     0.536396
    -0.200888     0.091473     0.036579     0.559280
    -0.200888     0.091473     0.073158     0.587634
    -0.200888     0.091473     0.109736     0.617634
    -0.200888     0.091473     0.146315     0.645008
    -0.200888     0.091473     0.182894     0.666130
    -0.200888     0.182945    -0.182894     0.911448
    -0.200888     0.182945    -0.146315     0.871949
    -0.200888     0.182945    -0.109736     0.818735
    -0.200888     0.182945    -0.073158     0.756687
    -0.200888     0.182945    -0.036579     0.692972
    -0.200888     0.182945     0.000000     0.635509
    -0.200888     0.182945     0.036579     0.590860
    -0.200888     0.182945     0.073158     0.562595
    -0.200888     0.182945     0.109736     0.550750
    -0.200888     0.182945     0.146315     0.552458
    -0.200888     0.182945     0.182894     0.563704
    -0.200888     0.274418    -0.182894     1.192720
    -0.200888     0.274418    -0.146315     1.120281
    -0.200888     0.274418    -0.109736     1.033531
    -0.200888     0.274418    -0.073158     0.937073
    -0.200888     0.274418    -0.036579     0.836471
    -0.200888     0.274418     0.000000     0.738760
    -0.200888     0.274418     0.036579     0.652789
    -0.200888     0.274418     0.073158     0.588485
    -0.200888     0.274418     0.109736     0.554557
    -0.200888     0.274418     0.146315     0.555340
    -0.200888     0.274418     0.182894     0.588771
    -0.200888     0.365891    -0.182894     1.264432
    -0.200888     0.365891    -0.146315     1.184043
    -0.200888     0.365891    -0.109736     1.092330
    -0.200888     0.365891    -0.073158     0.993807
    -0.200888     0.365891    -0.036579     0.893709
    -0.200888     0.365891     0.000000     0.797951
    -0.200888     0.365891     0.036579     0.714085
    -0.200888     0.365891     0.073158     0.651954
    -0.200888     0.365891     0.109736     0.621539
    -0.200888     0.365891     0.146315     0.628183
    -0.200888     0.365891     0.182894     0.669870
    -0.200888     0.457364    -0.182894     1.269155
    -0.200888     0.457364    -0.146315     1.185158
    -0.200888     0.457364    -0.109736     1.095988
    -0.200888     0.457364    -0.073158     1.006282
    -0.200888     0.457364    -0.036579     0.921479
    -0.200888     0.457364     0.000000     0.847531
    -0.200888     0.457364     0.036579     0.789769
    -0.200888     0.457364     0.073158     0.751750
    -0.200888     0.457364     0.109736     0.735127
    -0.200888     0.457364     0.146315     0.740511
    -0.200888     0.457364     0.182894     0.768085
    -0.133925    -0.457364    -0.182894     1.249648
    -0.133925    -0.457364    -0.146315     1.186086
    -0.133925    -0.457364    -0.109736     1.121207
    -0.133925    -0.457364    -0.073158     1.060065
    -0.133925    -0.457364    -0.036579     1.004756
    -0.133925    -0.457364     0.000000     0.954510
    -0.133925    -0.457364     0.036579     0.907618
    -0.133925    -0.457364     0.073158     0.863807
    -0.133925    -0.457364     0.109736     0.825671
    -0.133925    -0.457364     0.146315     0.798398
    -0.133925    -0.457364     0.182894     0.788115
    -0.133925    -0.365891    -0.182894     1.200060
    -0.133925    -0.365891    -0.146315     1.131158
    -0.133925    -0.365891    -0.109736     1.050309
    -0.133925    -0.365891    -0.073158     0.962528
    -0.133925    -0.365891    -0.036579     0.872826
    -0.133925    -0.365891     0.000000     0.786302
    -0.133925    -0.365891     0.036579     0.708957
    -0.133925    -0.365891     0.073158     0.648102
    -0.133925    -0.365891     0.109736     0.611253
    -0.133925    -0.365891     0.146315     0.603376
    -0.133925    -0.365891     0.182894     0.624573
    -0.133925    -0.274418    -0.182894     1.101536
    -0.133925    -0.274418    -0.146315     1.041056
    -0.133925    -0.274418    -0.109736     0.963148
    -0.133925    -0.274418    -0.073158     0.872460
    -0.133925    -0.274418    -0.036579     0.775685
    -0.133925    -0.274418     0.000000     0.680971
    -0.133925    -0.274418     0.036579     0.597202
    -0.133925    -0.274418     0.073158     0.533158
    -0.133925    -0.274418     0.109736     0.496409
    -0.133925    -0.274418     0.146315     0.491240
    -0.133925    -0.274418     0.182894     0.516325
    -0.133925    -0.182945    -0.182894     0.835775
    -0.133925    -0.182945    -0.146315     0.800601
    -0.133925    -0.182945    -0.109736     0.754596
    -0.133925    -0.182945    -0.073158     0.700397
    -0.133925    -0.182945    -0.036579     0.641572
    -0.133925    -0.182945     0.000000     0.582582
    -0.133925    -0.182945     0.036579     0.528030
    -0.133925    -0.182945     0.073158     0.481766
    -0.133925    -0.182945     0.109736     0.446830
    -0.133925    -0.182945     0.146315     0.425732
    -0.133925    -0.182945     0.182894     0.420533
    -0.133925    -0.091473    -0.182894     0.446292
    -0.133925    -0.091473    -0.146315     0.447503
    -0.133925    -0.091473    -0.109736     0.448317
    -0.133925    -0.091473    -0.073158     0.448851
    -0.133925    -0.091473    -0.036579     0.448070
    -0.133925    -0.091473     0.000000     0.444670
    -0.133925    -0.091473     0.036579     0.438257
    -0.133925    -0.091473     0.073158     0.429570
    -0.133925    -0.091473     0.109736     0.419707
    -0.133925    -0.091473     0.146315     0.409469
    -0.133925    -0.091473     0.182894     0.399419
    -0.133925     0.000000    -0.182894     0.282898
    -0.133925     0.000000    -0.146315     0.314688
    -0.133925     0.000000    -0.109736     0.345794
    -0.133925     0.000000    -0.073158     0.373837
    -0.133925     0.000000    -0.036579     0.397067
    -0.133925     0.000000     0.000000     0.414484
    -0.133925     0.000000     0.036579     0.426135
    -0.133925     0.000000     0.073158     0.432998
    -0.133925     0.000000     0.109736     0.436347
    -0.133925     0.000000     0.146315     0.437129
    -0.133925     0.000000     0.182894     0.435777
    -0.133925     0.091473    -0.182894     0.446373
    -0.133925     0.091473    -0.146315     0.447664
    -0.133925     0.091473    -0.109736     0.448265
    -0.133925     0.091473    -0.073158     0.448275
    -0.133925     0.091473    -0.036579     0.447099
    -0.133925     0.091473     0.000000     0.443890
    -0.133925     0.091473     0.036579     0.438192
    -0.133925     0.091473     0.073158     0.430219
    -0.133925     0.091473     0.109736     0.420639
    -0.133925     0.091473     0.146315     0.410260
    -0.133925     0.091473     0.182894     0.399913
    -0.133925     0.182945    -0.182894     0.835949
    -0.133925     0.182945    -0.146315     0.800554
    -0.133925     0.182945    -0.109736     0.754429
    -0.133925     0.182945    -0.073158     0.700427
    -0.133925     0.182945    -0.036579     0.642079
    -0.133925     0.182945     0.000000     0.583512
    -0.133925     0.182945     0.036579     0.528924
    -0.133925     0.182945     0.073158     0.482192
    -0.133925     0.182945     0.109736     0.446895
    -0.133925     0.182945     0.146315     0.425861
    -0.133925     0.182945     0.182894     0.420909
    -0.133925     0.274418    -0.182894     1.101717
    -0.133925     0.274418    -0.146315     1.041328
    -0.133925     0.274418    -0.109736     0.963323
    -0.133925     0.274418    -0.073158     0.872157
    -0.133925     0.274418    -0.036579     0.774720
    -0.133925     0.274418     0.000000     0.679616
    -0.133925     0.274418     0.036579     0.595983
    -0.133925     0.274418     0.073158     0.532432
    -0.133925     0.274418     0.109736     0.496167
    -0.133925     0.274418     0.146315     0.491244
    -0.133925     0.274418     0.182894     0.516359
    -0.133925     0.365891    -0.182894     1.200066
    -0.133925     0.365891    -0.146315     1.132290
    -0.133925     0.365891    -0.109736     1.051656
    -0.133925     0.365891    -0.073158     0.962056
    -0.133925     0.365891    -0.036579     0.869404
    -0.133925     0.365891     0.000000     0.781152
    -0.133925     0.365891     0.036579     0.704737
    -0.133925     0.365891     0.073158     0.646531
    -0.133925     0.365891     0.109736     0.611802
    -0.133925     0.365891     0.146315     0.604337
    -0.133925     0.365891     0.182894     0.624889
    -0.133925     0.457364    -0.182894     1.249595
    -0.133925     0.457364    -0.146315     1.186656
    -0.133925     0.457364    -0.109736     1.121778
    -0.133925     0.457364    -0.073158     1.059302
    -0.133925     0.457364    -0.036579     1.001991
    -0.133925     0.457364     0.000000     0.950747
    -0.133925     0.457364     0.036579     0.904758
    -0.133925     0.457364     0.073158     0.862856
    -0.133925     0.457364     0.109736     0.826067
    -0.133925     0.457364     0.146315     0.798984
    -0.133925     0.457364     0.182894     0.788296
    -0.066963    -0.457364    -0.182894     1.211613
    -0.066963    -0.457364    -0.146315     1.185082
    -0.066963    -0.457364    -0.109736     1.160536
    -0.066963    -0.457364    -0.073158     1.139754
    -0.066963    -0.457364    -0.036579     1.121151
    -0.066963    -0.457364     0.000000     1.100631
    -0.066963    -0.457364     0.036579     1.073929
    -0.066963    -0.457364     0.073158     1.039640
    -0.066963    -0.457364     0.109736     1.000752
    -0.066963    -0.457364     0.146315     0.963440
    -0.066963    -0.457364     0.182894     0.934313
    -0.066963    -0.365891    -0.182894     1.104133
    -0.066963    -0.365891    -0.146315     1.060668
    -0.066963    -0.365891    -0.109736     1.007458
    -0.066963    -0.365891    -0.073158     0.949412
    -0.066963    -0.365891    -0.036579     0.891428
    -0.066963    -0.365891     0.000000     0.838249
    -0.066963    -0.365891     0.036579     0.793896
    -0.066963    -0.365891     0.073158     0.760981
    -0.066963    -0.365891     0.109736     0.740639
    -0.066963    -0.365891     0.146315     0.732632
    -0.066963    -0.365891     0.182894     0.735466
    -0.066963    -0.274418    -0.182894     0.941509
    -0.066963    -0.274418    -0.146315     0.898608
    -0.066963    -0.274418    -0.109736     0.841110
    -0.066963    -0.274418    -0.073158     0.773755
    -0.066963    -0.274418    -0.036579     0.703192
    -0.066963    -0.274418     0.000000     0.636942
    -0.066963    -0.274418     0.036579     0.581961
    -0.066963    -0.274418     0.073158     0.543233
    -0.066963    -0.274418     0.109736     0.522720
    -0.066963    -0.274418     0.146315     0.519075
    -0.066963    -0.274418     0.182894     0.528746
    -0.066963    -0.182945    -0.182894     0.671679
    -0.066963    -0.182945    -0.146315     0.646727
    -0.066963    -0.182945    -0.109736     0.614185
    -0.066963    -0.182945    -0.073158     0.576182
    -0.066963    -0.182945    -0.036579     0.535541
    -0.066963    -0.182945     0.000000     0.494971
    -0.066963    -0.182945     0.036579     0.456227
    -0.066963    -0.182945     0.073158     0.420343
    -0.066963    -0.182945     0.109736     0.388601
    -0.066963    -0.182945     0.146315     0.363161
    -0.066963    -0.182945     0.182894     0.346832
    -0.066963    -0.091473    -0.182894     0.343442
    -0.066963    -0.091473    -0.146315     0.356987
    -0.066963    -0.091473    -0.109736     0.368657
    -0.066963    -0.091473    -0.073158     0.377097
    -0.066963    -0.091473    -0.036579     0.380445
    -0.066963    -0.091473     0.000000     0.376935
    -0.066963    -0.091473     0.036579     0.365665
    -0.066963    -0.091473     0.073158     0.346895
    -0.066963    -0.091473     0.109736     0.321742
    -0.066963    -0.091473     0.146315     0.291718
    -0.066963    -0.091473     0.182894     0.258626
    -0.066963     0.000000    -0.182894     0.247591
    -0.066963     0.000000    -0.146315     0.281683
    -0.066963     0.000000    -0.109736     0.310623
    -0.066963     0.000000    -0.073158     0.333035
    -0.066963     0.000000    -0.036579     0.347676
    -0.066963     0.000000     0.000000     0.353630
    -0.066963     0.000000     0.036579     0.350602
    -0.066963     0.000000     0.073158     0.338992
    -0.066963     0.000000     0.109736     0.319683
    -0.066963     0.000000     0.146315     0.293835
    -0.066963     0.000000     0.182894     0.262854
    -0.066963     0.091473    -0.182894     0.343335
    -0.066963     0.091473    -0.146315     0.357102
    -0.066963     0.091473    -0.109736     0.368714
    -0.066963     0.091473    -0.073158     0.376677
    -0.066963     0.091473    -0.036579     0.379454
    -0.066963     0.091473     0.000000     0.375809
    -0.066963     0.091473     0.036579     0.365005
    -0.066963     0.091473     0.073158     0.346917
    -0.066963     0.091473     0.109736     0.322138
    -0.066963     0.091473     0.146315     0.292030
    -0.066963     0.091473     0.182894     0.258659
    -0.066963     0.182945    -0.182894     0.671785
    -0.066963     0.182945    -0.146315     0.646877
    -0.066963     0.182945    -0.109736     0.614586
    -0.066963     0.182945    -0.073158     0.576913
    -0.066963     0.182945    -0.036579     0.536286
    -0.066963     0.182945     0.000000     0.495223
    -0.066963     0.182945     0.036579     0.455783
    -0.066963     0.182945     0.073158     0.419473
    -0.066963     0.182945     0.109736     0.387762
    -0.066963     0.182945     0.146315     0.362636
    -0.066963     0.182945     0.182894     0.346619
    -0.066963     0.274418    -0.182894     0.941781
    -0.066963     0.274418    -0.146315     0.899091
    -0.066963     0.274418    -0.109736     0.841564
    -0.066963     0.274418    -0.073158     0.773536
    -0.066963     0.274418    -0.036579     0.701851
    -0.066963     0.274418     0.000000     0.634784
    -0.066963     0.274418     0.036579     0.579885
    -0.066963     0.274418     0.073158     0.542005
    -0.066963     0.274418     0.109736     0.522411
    -0.066963     0.274418     0.146315     0.519193
    -0.066963     0.274418     0.182894     0.528851
    -0.066963     0.365891    -0.182894     1.104313
    -0.066963     0.365891    -0.146315     1.061060
    -0.066963     0.365891    -0.109736     1.007721
    -0.066963     0.365891    -0.073158     0.948906
    -0.066963     0.365891    -0.036579     0.889909
    -0.066963     0.365891     0.000000     0.836348
    -0.066963     0.365891     0.036579     0.792709
    -0.066963     0.365891     0.073158     0.761102
    -0.066963     0.365891     0.109736     0.741654
    -0.066963     0.365891     0.146315     0.733598
    -0.066963     0.365891     0.182894     0.735850
    -0.066963     0.457364    -0.182894     1.211422
    -0.066963     0.457364    -0.146315     1.184323
    -0.066963     0.457364    -0.109736     1.159681
    -0.066963     0.457364    -0.073158     1.139870
    -0.066963     0.457364    -0.036579     1.122824
    -0.066963     0.457364     0.000000     1.103097
    -0.066963     0.457364     0.036579     1.075653
    -0.066963     0.457364     0.073158     1.039801
    -0.066963     0.457364     0.109736     0.999840
    -0.066963     0.457364     0.146315     0.962459
    -0.066963     0.457364     0.182894     0.933792
     0.000000    -0.457364    -0.182894     1.123356
     0.000000    -0.457364    -0.146315     1.135621
     0.000000    -0.457364    -0.109736     1.152571
     0.000000    -0.457364    -0.073158     1.171462
     0.000000    -0.457364    -0.036579     1.186892
     0.000000    -0.457364     0.000000     1.193282
     0.000000    -0.457364     0.036579     1.188189
     0.000000    -0.457364     0.073158     1.173876
     0.000000    -0.457364     0.109736     1.155564
     0.000000    -0.457364     0.146315     1.138265
     0.000000    -0.457364     0.182894     1.124677
     0.000000    -0.365891    -0.182894     0.952461
     0.000000    -0.365891    -0.146315     0.938035
     0.000000    -0.365891    -0.109736     0.920655
     0.000000    -0.365891    -0.073158     0.904178
     0.000000    -0.365891    -0.036579     0.892059
     0.000000    -0.365891     0.000000     0.886951
     0.000000    -0.365891     0.036579     0.890136
     0.000000    -0.365891     0.073158     0.900903
     0.000000    -0.365891     0.109736     0.916574
     0.000000    -0.365891     0.146315     0.933166
     0.000000    -0.365891     0.182894     0.946480
     0.000000    -0.274418    -0.182894     0.739354
     0.000000    -0.274418    -0.146315     0.718422
     0.000000    -0.274418    -0.109736     0.691457
     0.000000    -0.274418    -0.073158     0.663947
     0.000000    -0.274418    -0.036579     0.642698
     0.000000    -0.274418     0.000000     0.633482
     0.000000    -0.274418     0.036579     0.638617
     0.000000    -0.274418     0.073158     0.655954
     0.000000    -0.274418     0.109736     0.679978
     0.000000    -0.274418     0.146315     0.704235
     0.000000    -0.274418     0.182894     0.723532
     0.000000    -0.182945    -0.182894     0.473613
     0.000000    -0.182945    -0.146315     0.471518
     0.000000    -0.182945    -0.109736     0.467672
     0.000000    -0.182945    -0.073158     0.462715
     0.000000    -0.182945    -0.036579     0.457971
     0.000000    -0.182945     0.000000     0.454763
     0.000000    -0.182945     0.036579     0.453430
     0.000000    -0.182945     0.073158     0.453286
     0.000000    -0.182945     0.109736     0.453469
     0.000000    -0.182945     0.146315     0.453611
     0.000000    -0.182945     0.182894     0.453615
     0.000000    -0.091473    -0.182894     0.252891
     0.000000    -0.091473    -0.146315     0.282056
     0.000000    -0.091473    -0.109736     0.306646
     0.000000    -0.091473    -0.073158     0.324924
     0.000000    -0.091473    -0.036579     0.335755
     0.000000    -0.091473     0.000000     0.338587
     0.000000    -0.091473     0.036579     0.333211
     0.000000    -0.091473     0.073158     0.319753
     0.000000    -0.091473     0.109736     0.298940
     0.000000    -0.091473     0.146315     0.272233
     0.000000    -0.091473     0.182894     0.241574
     0.000000     0.000000    -0.182894     0.240748
     0.000000     0.000000    -0.146315     0.266850
     0.000000     0.000000    -0.109736     0.289091
     0.000000     0.000000    -0.073158     0.306085
     0.000000     0.000000    -0.036579     0.316754
     0.000000     0.000000     0.000000     0.320400
     0.000000     0.000000     0.036579     0.316778
     0.000000     0.000000     0.073158     0.306121
     0.000000     0.000000     0.109736     0.289120
     0.000000     0.000000     0.146315     0.266861
     0.000000     0.000000     0.182894     0.240742
     0.000000     0.091473    -0.182894     0.252940
     0.000000     0.091473    -0.146315     0.282283
     0.000000     0.091473    -0.109736     0.307133
     0.000000     0.091473    -0.073158     0.325593
     0.000000     0.091473    -0.036579     0.336313
     0.000000     0.091473     0.000000     0.338735
     0.000000     0.091473     0.036579     0.332924
     0.000000     0.091473     0.073158     0.319288
     0.000000     0.091473     0.109736     0.298558
     0.000000     0.091473     0.146315     0.272003
     0.000000     0.091473     0.182894     0.241435
     0.000000     0.182945    -0.182894     0.473974
     0.000000     0.182945    -0.146315     0.472346
     0.000000     0.182945    -0.109736     0.469175
     0.000000     0.182945    -0.073158     0.464583
     0.000000     0.182945    -0.036579     0.459280
     0.000000     0.182945     0.000000     0.454688
     0.000000     0.182945     0.036579     0.452050
     0.000000     0.182945     0.073158     0.451504
     0.000000     0.182945     0.109736     0.452144
     0.000000     0.182945     0.146315     0.452951
     0.000000     0.182945     0.182894     0.453370
     0.000000     0.274418    -0.182894     0.739408
     0.000000     0.274418    -0.146315     0.718618
     0.000000     0.274418    -0.109736     0.691812
     0.000000     0.274418    -0.073158     0.664337
     0.000000     0.274418    -0.036579     0.642916
     0.000000     0.274418     0.000000     0.633399
     0.000000     0.274418     0.036579     0.638281
     0.000000     0.274418     0.073158     0.655544
     0.000000     0.274418     0.109736     0.679675
     0.000000     0.274418     0.146315     0.704112
     0.000000     0.274418     0.182894     0.723535
     0.000000     0.365891    -0.182894     0.952472
     0.000000     0.365891    -0.146315     0.937542
     0.000000     0.365891    -0.109736     0.919650
     0.000000     0.365891    -0.073158     0.903147
     0.000000     0.365891    -0.036579     0.891669
     0.000000     0.365891     0.000000     0.887510
     0.000000     0.365891     0.036579     0.891347
     0.000000     0.365891     0.073158     0.902142
     0.000000     0.365891     0.109736     0.917370
     0.000000     0.365891     0.146315     0.933423
     0.000000     0.365891     0.182894     0.946368
     0.000000     0.457364    -0.182894     1.123651
     0.000000     0.457364    -0.146315     1.135679
     0.000000     0.457364    -0.109736     1.152493
     0.000000     0.457364    -0.073158     1.171611
     0.000000     0.457364    -0.036579     1.187566
     0.000000     0.457364     0.000000     1.194355
     0.000000     0.457364     0.036579     1.189058
     0.000000     0.457364     0.073158     1.173976
     0.000000     0.457364     0.109736     1.154936
     0.000000     0.457364     0.146315     1.137420
     0.000000     0.457364     0.182894     1.124010
     0.066963    -0.457364    -0.182894     0.976358
     0.066963    -0.457364    -0.146315     1.004559
     0.066963    -0.457364    -0.109736     1.041619
     0.066963    -0.457364    -0.073158     1.081552
     0.066963    -0.457364    -0.036579     1.117888
     0.066963    -0.457364     0.000000     1.146393
     0.066963    -0.457364     0.036579     1.167463
     0.066963    -0.457364     0.073158     1.185669
     0.066963    -0.457364     0.109736     1.206137
     0.066963    -0.457364     0.146315     1.230769
     0.066963    -0.457364     0.182894     1.257076
     0.066963    -0.365891    -0.182894     0.772855
     0.066963    -0.365891    -0.146315     0.769977
     0.066963    -0.365891    -0.109736     0.777286
     0.066963    -0.365891    -0.073158     0.796030
     0.066963    -0.365891    -0.036579     0.827055
     0.066963    -0.365891     0.000000     0.870307
     0.066963    -0.365891     0.036579     0.923727
     0.066963    -0.365891     0.073158     0.982725
     0.066963    -0.365891     0.109736     1.041361
     0.066963    -0.365891     0.146315     1.093942
     0.066963    -0.365891     0.182894     1.135621
     0.066963    -0.274418    -0.182894     0.559313
     0.066963    -0.274418    -0.146315     0.549109
     0.066963    -0.274418    -0.109736     0.550913
     0.066963    -0.274418    -0.073158     0.568448
     0.066963    -0.274418    -0.036579     0.603896
     0.066963    -0.274418     0.000000     0.656182
     0.066963    -0.274418     0.036579     0.720465
     0.066963    -0.274418     0.073158     0.789091
     0.066963    -0.274418     0.109736     0.853793
     0.066963    -0.274418     0.146315     0.907994
     0.066963    -0.274418     0.182894     0.947747
     0.066963    -0.182945    -0.182894     0.352740
     0.066963    -0.182945    -0.146315     0.367583
     0.066963    -0.182945    -0.109736     0.390532
     0.066963    -0.182945    -0.073158     0.419132
     0.066963    -0.182945    -0.036579     0.451564
     0.066963    -0.182945     0.000000     0.486682
     0.066963    -0.182945     0.036579     0.523440
     0.066963    -0.182945     0.073158     0.560268
     0.066963    -0.182945     0.109736     0.595041
     0.066963    -0.182945     0.146315     0.625495
     0.066963    -0.182945     0.182894     0.649550
     0.066963    -0.091473    -0.182894     0.227532
     0.066963    -0.091473    -0.146315     0.261662
     0.066963    -0.091473    -0.109736     0.292603
     0.066963    -0.091473    -0.073158     0.318166
     0.066963    -0.091473    -0.036579     0.336904
     0.066963    -0.091473     0.000000     0.348168
     0.066963    -0.091473     0.036579     0.352045
     0.066963    -0.091473     0.073158     0.349263
     0.066963    -0.091473     0.109736     0.341077
     0.066963    -0.091473     0.146315     0.329065
     0.066963    -0.091473     0.182894     0.314781
     0.066963     0.000000    -0.182894     0.210749
     0.066963     0.000000    -0.146315     0.242667
     0.066963     0.000000    -0.109736     0.269530
     0.066963     0.000000    -0.073158     0.289873
     0.066963     0.000000    -0.036579     0.302488
     0.066963     0.000000     0.000000     0.306428
     0.066963     0.000000     0.036579     0.301211
     0.066963     0.000000     0.073158     0.287060
     0.066963     0.000000     0.109736     0.264865
     0.066963     0.000000     0.146315     0.235906
     0.066963     0.000000     0.182894     0.201649
     0.066963     0.091473    -0.182894     0.227514
     0.066963     0.091473    -0.146315     0.261363
     0.066963     0.091473    -0.109736     0.292225
     0.066963     0.091473    -0.073158     0.318199
     0.066963     0.091473    -0.036579     0.337664
     0.066963     0.091473     0.000000     0.349414
     0.066963     0.091473     0.036579     0.353130
     0.066963     0.091473     0.073158     0.349710
     0.066963     0.091473     0.109736     0.340967
     0.066963     0.091473     0.146315     0.328846
     0.066963     0.091473     0.182894     0.314781
     0.066963     0.182945    -0.182894     0.352913
     0.066963     0.182945    -0.146315     0.368073
     0.066963     0.182945    -0.109736     0.391339
     0.066963     0.182945    -0.073158     0.419952
     0.066963     0.182945    -0.036579     0.451909
     0.066963     0.182945     0.000000     0.486307
     0.066963     0.182945     0.036579     0.522636
     0.066963     0.182945     0.073158     0.559600
     0.066963     0.182945     0.109736     0.594790
     0.066963     0.182945     0.146315     0.625506
     0.066963     0.182945     0.182894     0.649569
     0.066963     0.274418    -0.182894     0.559168
     0.066963     0.274418    -0.146315     0.549014
     0.066963     0.274418    -0.109736     0.551218
     0.066963     0.274418    -0.073158     0.569543
     0.066963     0.274418    -0.036579     0.605700
     0.066963     0.274418     0.000000     0.658043
     0.066963     0.274418     0.036579     0.721641
     0.066963     0.274418     0.073158     0.789349
     0.066963     0.274418     0.109736     0.853527
     0.066963     0.274418     0.146315     0.907741
     0.066963     0.274418     0.182894     0.947676
     0.066963     0.365891    -0.182894     0.772473
     0.066963     0.365891    -0.146315     0.769029
     0.066963     0.365891    -0.109736     0.776264
     0.066963     0.365891    -0.073158     0.795909
     0.066963     0.365891    -0.036579     0.828297
     0.066963     0.365891     0.000000     0.872315
     0.066963     0.365891     0.036579     0.925357
     0.066963     0.365891     0.073158     0.983310
     0.066963     0.365891     0.109736     1.041144
     0.066963     0.365891     0.146315     1.093580
     0.066963     0.365891     0.182894     1.135455
     0.066963     0.457364    -0.182894     0.976738
     0.066963     0.457364    -0.146315     1.005392
     0.066963     0.457364    -0.109736     1.042462
     0.066963     0.457364    -0.073158     1.081526
     0.066963     0.457364    -0.036579     1.116568
     0.066963     0.457364     0.000000     1.144460
     0.066963     0.457364     0.036579     1.166164
     0.066963     0.457364     0.073158     1.185586
     0.066963     0.457364     0.109736     1.206777
     0.066963     0.457364     0.146315     1.231305
     0.066963     0.457364     0.182894     1.257176
     0.133925    -0.457364    -0.182894     0.848130
     0.133925    -0.457364    -0.146315     0.858354
     0.133925    -0.457364    -0.109736     0.885273
     0.133925    -0.457364    -0.073158     0.922238
     0.133925    -0.457364    -0.036579     0.964536
     0.133925    -0.457364     0.000000     1.010997
     0.133925    -0.457364     0.036579     1.062734
     0.133925    -0.457364     0.073158     1.120541
     0.133925    -0.457364     0.109736     1.183476
     0.133925    -0.457364     0.146315     1.248770
     0.133925    -0.457364     0.182894     1.312127
     0.133925    -0.365891    -0.182894     0.678281
     0.133925    -0.365891    -0.146315     0.656892
     0.133925    -0.365891    -0.109736     0.663719
     0.133925    -0.365891    -0.073158     0.698108
     0.133925    -0.365891    -0.036579     0.756233
     0.133925    -0.365891     0.000000     0.832786
     0.133925    -0.365891     0.036579     0.921425
     0.133925    -0.365891     0.073158     1.014733
     0.133925    -0.365891     0.109736     1.105213
     0.133925    -0.365891     0.146315     1.186841
     0.133925    -0.365891     0.182894     1.255390
     0.133925    -0.274418    -0.182894     0.555337
     0.133925    -0.274418    -0.146315     0.532592
     0.133925    -0.274418    -0.109736     0.538887
     0.133925    -0.274418    -0.073158     0.575525
     0.133925    -0.274418    -0.036579     0.638530
     0.133925    -0.274418     0.000000     0.721247
     0.133925    -0.274418     0.036579     0.815742
     0.133925    -0.274418     0.073158     0.913273
     0.133925    -0.274418     0.109736     1.003867
     0.133925    -0.274418     0.146315     1.073081
     0.133925    -0.274418     0.182894     1.122587
     0.133925    -0.182945    -0.182894     0.375172
     0.133925    -0.182945    -0.146315     0.381516
     0.133925    -0.182945    -0.109736     0.404473
     0.133925    -0.182945    -0.073158     0.442139
     0.133925    -0.182945    -0.036579     0.491580
     0.133925    -0.182945     0.000000     0.548830
     0.133925    -0.182945     0.036579     0.609405
     0.133925    -0.182945     0.073158     0.669037
     0.133925    -0.182945     0.109736     0.723973
     0.133925    -0.182945     0.146315     0.770850
     0.133925    -0.182945     0.182894     0.806788
     0.133925    -0.091473    -0.182894     0.350060
     0.133925    -0.091473    -0.146315     0.362399
     0.133925    -0.091473    -0.109736     0.375259
     0.133925    -0.091473    -0.073158     0.387686
     0.133925    -0.091473    -0.036579     0.398709
     0.133925    -0.091473     0.000000     0.407406
     0.133925    -0.091473     0.036579     0.413244
     0.133925    -0.091473     0.073158     0.416413
     0.133925    -0.091473     0.109736     0.417635
     0.133925    -0.091473     0.146315     0.417505
     0.133925    -0.091473     0.182894     0.415998
     0.133925     0.000000    -0.182894     0.380725
     0.133925     0.000000    -0.146315     0.383370
     0.133925     0.000000    -0.109736     0.384091
     0.133925     0.000000    -0.073158     0.382334
     0.133925     0.000000    -0.036579     0.377029
     0.133925     0.000000     0.000000     0.366781
     0.133925     0.000000     0.036579     0.350491
     0.133925     0.000000     0.073158     0.328022
     0.133925     0.000000     0.109736     0.300351
     0.133925     0.000000     0.146315     0.269285
     0.133925     0.000000     0.182894     0.237307
     0.133925     0.091473    -0.182894     0.349614
     0.133925     0.091473    -0.146315     0.361661
     0.133925     0.091473    -0.109736     0.374358
     0.133925     0.091473    -0.073158     0.387060
     0.133925     0.091473    -0.036579     0.398835
     0.133925     0.091473     0.000000     0.408294
     0.133925     0.091473     0.036579     0.414289
     0.133925     0.091473     0.073158     0.416930
     0.133925     0.091473     0.109736     0.417500
     0.133925     0.091473     0.146315     0.417127
     0.133925     0.091473     0.182894     0.415760
     0.133925     0.182945    -0.182894     0.374892
     0.133925     0.182945    -0.146315     0.381497
     0.133925     0.182945    -0.109736     0.404475
     0.133925     0.182945    -0.073158     0.441707
     0.133925     0.182945    -0.036579     0.490604
     0.133925     0.182945     0.000000     0.547764
     0.133925     0.182945     0.036579     0.608785
     0.133925     0.182945     0.073158     0.668948
     0.133925     0.182945     0.109736     0.724088
     0.133925     0.182945     0.146315     0.770817
     0.133925     0.182945     0.182894     0.806518
     0.133925     0.274418    -0.182894     0.555242
     0.133925     0.274418    -0.146315     0.532567
     0.133925     0.274418    -0.109736     0.539117
     0.133925     0.274418    -0.073158     0.576190
     0.133925     0.274418    -0.036579     0.639610
     0.133925     0.274418     0.000000     0.722425
     0.133925     0.274418     0.036579     0.816564
     0.133925     0.274418     0.073158     0.913522
     0.133925     0.274418     0.109736     1.003849
     0.133925     0.274418     0.146315     1.073281
     0.133925     0.274418     0.182894     1.122831
     0.133925     0.365891    -0.182894     0.678041
     0.133925     0.365891    -0.146315     0.656034
     0.133925     0.365891    -0.109736     0.663218
     0.133925     0.365891    -0.073158     0.699479
     0.133925     0.365891    -0.036579     0.759859
     0.133925     0.365891     0.000000     0.837078
     0.133925     0.365891     0.036579     0.924110
     0.133925     0.365891     0.073158     1.014897
     0.133925     0.365891     0.109736     1.103932
     0.133925     0.365891     0.146315     1.185859
     0.133925     0.365891     0.182894     1.255447
     0.133925     0.457364    -0.182894     0.847885
     0.133925     0.457364    -0.146315     0.857746
     0.133925     0.457364    -0.109736     0.884862
     0.133925     0.457364    -0.073158     0.923032
     0.133925     0.457364    -0.036579     0.966990
     0.133925     0.457364     0.000000     1.014181
     0.133925     0.457364     0.036579     1.064979
     0.133925     0.457364     0.073158     1.121042
     0.133925     0.457364     0.109736     1.182907
     0.133925     0.457364     0.146315     1.248301
     0.133925     0.457364     0.182894     1.312228
     0.200888    -0.457364    -0.182894     0.830382
     0.200888    -0.457364    -0.146315     0.803402
     0.200888    -0.457364    -0.109736     0.798784
     0.200888    -0.457364    -0.073158     0.816216
     0.200888    -0.457364    -0.036579     0.854880
     0.200888    -0.457364     0.000000     0.912972
     0.200888    -0.457364     0.036579     0.986903
     0.200888    -0.457364     0.073158     1.071379
     0.200888    -0.457364     0.109736     1.160500
     0.200888    -0.457364     0.146315     1.248950
     0.200888    -0.457364     0.182894     1.332311
     0.200888    -0.365891    -0.182894     0.710199
     0.200888    -0.365891    -0.146315     0.668666
     0.200888    -0.365891    -0.109736     0.662097
     0.200888    -0.365891    -0.073158     0.692343
     0.200888    -0.365891    -0.036579     0.753717
     0.200888    -0.365891     0.000000     0.836111
     0.200888    -0.365891     0.036579     0.929881
     0.200888    -0.365891     0.073158     1.027746
     0.200888    -0.365891     0.109736     1.123944
     0.200888    -0.365891     0.146315     1.213340
     0.200888    -0.365891     0.182894     1.291494
     0.200888    -0.274418    -0.182894     0.558212
     0.200888    -0.274418    -0.146315     0.531474
     0.200888    -0.274418    -0.109736     0.537146
     0.200888    -0.274418    -0.073158     0.576759
     0.200888    -0.274418    -0.036579     0.645059
     0.200888    -0.274418     0.000000     0.732579
     0.200888    -0.274418     0.036579     0.829160
     0.200888    -0.274418     0.073158     0.926038
     0.200888    -0.274418     0.109736     1.016287
     0.200888    -0.274418     0.146315     1.094545
     0.200888    -0.274418     0.182894     1.156985
     0.200888    -0.182945    -0.182894     0.519198
     0.200888    -0.182945    -0.146315     0.512562
     0.200888    -0.182945    -0.109736     0.516204
     0.200888    -0.182945    -0.073158     0.533664
     0.200888    -0.182945    -0.036579     0.567020
     0.200888    -0.182945     0.000000     0.615130
     0.200888    -0.182945     0.036579     0.673529
     0.200888    -0.182945     0.073158     0.735688
     0.200888    -0.182945     0.109736     0.794665
     0.200888    -0.182945     0.146315     0.844498
     0.200888    -0.182945     0.182894     0.881054
     0.200888    -0.091473    -0.182894     0.621350
     0.200888    -0.091473    -0.146315     0.603360
     0.200888    -0.091473    -0.109736     0.580015
     0.200888    -0.091473    -0.073158     0.554531
     0.200888    -0.091473    -0.036579     0.530521
     0.200888    -0.091473     0.000000     0.511147
     0.200888    -0.091473     0.036579     0.498330
     0.200888    -0.091473     0.073158     0.492394
     0.200888    -0.091473     0.109736     0.492208
     0.200888    -0.091473     0.146315     0.495658
     0.200888    -0.091473     0.182894     0.500334
     0.200888     0.000000    -0.182894     0.689760
     0.200888     0.000000    -0.146315     0.660049
     0.200888     0.000000    -0.109736     0.622907
     0.200888     0.000000    -0.073158     0.580688
     0.200888     0.000000    -0.036579     0.535519
     0.200888     0.000000     0.000000     0.489537
     0.200888     0.000000     0.036579     0.444969
     0.200888     0.000000     0.073158     0.403953
     0.200888     0.000000     0.109736     0.368679
     0.200888     0.000000     0.146315     0.341850
     0.200888     0.000000     0.182894     0.326725
     0.200888     0.091473    -0.182894     0.621099
     0.200888     0.091473    -0.146315     0.603035
     0.200888     0.091473    -0.109736     0.579710
     0.200888     0.091473    -0.073158     0.554315
     0.200888     0.091473    -0.036579     0.530401
     0.200888     0.091473     0.000000     0.511067
     0.200888     0.091473     0.036579     0.498233
     0.200888     0.091473     0.073158     0.492273
     0.200888     0.091473     0.109736     0.492077
     0.200888     0.091473     0.146315     0.495494
     0.200888     0.091473     0.182894     0.500095
     0.200888     0.182945    -0.182894     0.519264
     0.200888     0.182945    -0.146315     0.512638
     0.200888     0.182945    -0.109736     0.516084
     0.200888     0.182945    -0.073158     0.533167
     0.200888     0.182945    -0.036579     0.566229
     0.200888     0.182945     0.000000     0.614421
     0.200888     0.182945     0.036579     0.673162
     0.200888     0.182945     0.073158     0.735507
     0.200888     0.182945     0.109736     0.794324
     0.200888     0.182945     0.146315     0.843843
     0.200888     0.182945     0.182894     0.880206
     0.200888     0.274418    -0.182894     0.557926
     0.200888     0.274418    -0.146315     0.531319
     0.200888     0.274418    -0.109736     0.536849
     0.200888     0.274418    -0.073158     0.575956
     0.200888     0.274418    -0.036579     0.643662
     0.200888     0.274418     0.000000     0.731045
     0.200888     0.274418     0.036579     0.828180
     0.200888     0.274418     0.073158     0.925876
     0.200888     0.274418     0.109736     1.016524
     0.200888     0.274418     0.146315     1.094546
     0.200888     0.274418     0.182894     1.156507
     0.200888     0.365891    -0.182894     0.710310
     0.200888     0.365891    -0.146315     0.668919
     0.200888     0.365891    -0.109736     0.662185
     0.200888     0.365891    -0.073158     0.691904
     0.200888     0.365891    -0.036579     0.752843
     0.200888     0.365891     0.000000     0.835190
     0.200888     0.365891     0.036579     0.929183
     0.200888     0.365891     0.073158     1.027339
     0.200888     0.365891     0.109736     1.123829
     0.200888     0.365891     0.146315     1.213489
     0.200888     0.365891     0.182894     1.291837
     0.200888     0.457364    -0.182894     0.830474
     0.200888     0.457364    -0.146315     0.803068
     0.200888     0.457364    -0.109736     0.798547
     0.200888     0.457364    -0.073158     0.817266
     0.200888     0.457364    -0.036579     0.857869
     0.200888     0.457364     0.000000     0.916864
     0.200888     0.457364     0.036579     0.989703
     0.200888     0.457364     0.073158     1.072062
     0.200888     0.457364     0.109736     1.159814
     0.200888     0.457364     0.146315     1.248315
     0.200888     0.457364     0.182894     1.332368
     0.267851    -0.457364    -0.182894     0.867337
     0.267851    -0.457364    -0.146315     0.822834
     0.267851    -0.457364    -0.109736     0.797884
     0.267851    -0.457364    -0.073158     0.796958
     0.267851    -0.457364    -0.036579     0.822782
     0.267851    -0.457364     0.000000     0.874359
     0.267851    -0.457364     0.036579     0.946672
     0.267851    -0.457364     0.073158     1.032521
     0.267851    -0.457364     0.109736     1.124838
     0.267851    -0.457364     0.146315     1.217752
     0.267851    -0.457364     0.182894     1.306382
     0.267851    -0.365891    -0.182894     0.722988
     0.267851    -0.365891    -0.146315     0.693755
     0.267851    -0.365891    -0.109736     0.693172
     0.267851    -0.365891    -0.073158     0.721053
     0.267851    -0.365891    -0.036579     0.773612
     0.267851    -0.365891     0.000000     0.844327
     0.267851    -0.365891     0.036579     0.926513
     0.267851    -0.365891     0.073158     1.014946
     0.267851    -0.365891     0.109736     1.105226
     0.267851    -0.365891     0.146315     1.192603
     0.267851    -0.365891     0.182894     1.271930
     0.267851    -0.274418    -0.182894     0.667840
     0.267851    -0.274418    -0.146315     0.661347
     0.267851    -0.274418    -0.109736     0.675212
     0.267851    -0.274418    -0.073158     0.708883
     0.267851    -0.274418    -0.036579     0.759711
     0.267851    -0.274418     0.000000     0.823514
     0.267851    -0.274418     0.036579     0.895453
     0.267851    -0.274418     0.073158     0.970696
     0.267851    -0.274418     0.109736     1.044506
     0.267851    -0.274418     0.146315     1.111982
     0.267851    -0.274418     0.182894     1.168216
     0.267851    -0.182945    -0.182894     0.761807
     0.267851    -0.182945    -0.146315     0.751016
     0.267851    -0.182945    -0.109736     0.739848
     0.267851    -0.182945    -0.073158     0.733215
     0.267851    -0.182945    -0.036579     0.736303
     0.267851    -0.182945     0.000000     0.752329
     0.267851    -0.182945     0.036579     0.780933
     0.267851    -0.182945     0.073158     0.818149
     0.267851    -0.182945     0.109736     0.857777
     0.267851    -0.182945     0.146315     0.893283
     0.267851    -0.182945     0.182894     0.919400
     0.267851    -0.091473    -0.182894     0.903437
     0.267851    -0.091473    -0.146315     0.867474
     0.267851    -0.091473    -0.109736     0.818635
     0.267851    -0.091473    -0.073158     0.761395
     0.267851    -0.091473    -0.036579     0.701850
     0.267851    -0.091473     0.000000     0.646998
     0.267851    -0.091473     0.036579     0.603308
     0.267851    -0.091473     0.073158     0.574818
     0.267851    -0.091473     0.109736     0.561912
     0.267851    -0.091473     0.146315     0.561775
     0.267851    -0.091473     0.182894     0.570271
     0.267851     0.000000    -0.182894     0.987356
     0.267851     0.000000    -0.146315     0.941589
     0.267851     0.000000    -0.109736     0.881896
     0.267851     0.000000    -0.073158     0.810763
     0.267851     0.000000    -0.036579     0.731830
     0.267851     0.000000     0.000000     0.650729
     0.267851     0.000000     0.036579     0.574912
     0.267851     0.000000     0.073158     0.512353
     0.267851     0.000000     0.109736     0.470161
     0.267851     0.000000     0.146315     0.453066
     0.267851     0.000000     0.182894     0.461788
     0.267851     0.091473    -0.182894     0.903641
     0.267851     0.091473    -0.146315     0.868176
     0.267851     0.091473    -0.109736     0.819588
     0.267851     0.091473    -0.073158     0.761879
     0.267851     0.091473    -0.036579     0.701255
     0.267851     0.091473     0.000000     0.645425
     0.267851     0.091473     0.036579     0.601580
     0.267851     0.091473     0.073158     0.573846
     0.267851     0.091473     0.109736     0.561932
     0.267851     0.091473     0.146315     0.562256
     0.267851     0.091473     0.182894     0.570610
     0.267851     0.182945    -0.182894     0.761833
     0.267851     0.182945    -0.146315     0.750863
     0.267851     0.182945    -0.109736     0.739620
     0.267851     0.182945    -0.073158     0.733169
     0.267851     0.182945    -0.036579     0.736625
     0.267851     0.182945     0.000000     0.752948
     0.267851     0.182945     0.036579     0.781551
     0.267851     0.182945     0.073158     0.818466
     0.267851     0.182945     0.109736     0.857743
     0.267851     0.182945     0.146315     0.893106
     0.267851     0.182945     0.182894     0.919286
     0.267851     0.274418    -0.182894     0.667475
     0.267851     0.274418    -0.146315     0.660966
     0.267851     0.274418    -0.109736     0.674474
     0.267851     0.274418    -0.073158     0.707434
     0.267851     0.274418    -0.036579     0.757587
     0.267851     0.274418     0.000000     0.821387
     0.267851     0.274418     0.036579     0.894237
     0.267851     0.274418     0.073158     0.970725
     0.267851     0.274418     0.109736     1.045174
     0.267851     0.274418     0.146315     1.112331
     0.267851     0.274418     0.182894     1.167827
     0.267851     0.365891    -0.182894     0.722117
     0.267851     0.365891    -0.146315     0.693058
     0.267851     0.365891    -0.109736     0.692051
     0.267851     0.365891    -0.073158     0.718649
     0.267851     0.365891    -0.036579     0.769822
     0.267851     0.365891     0.000000     0.840325
     0.267851     0.365891     0.036579     0.923941
     0.267851     0.365891     0.073158     1.014489
     0.267851     0.365891     0.109736     1.106088
     0.267851     0.365891     0.146315     1.193397
     0.267851     0.365891     0.182894     1.271948
     0.267851     0.457364    -0.182894     0.867273
     0.267851     0.457364    -0.146315     0.822733
     0.267851     0.457364    -0.109736     0.797994
     0.267851     0.457364    -0.073158     0.797584
     0.267851     0.457364    -0.036579     0.823843
     0.267851     0.457364     0.000000     0.875402
     0.267851     0.457364     0.036579     0.947327
     0.267851     0.457364     0.073158     1.032752
     0.267851     0.457364     0.109736     1.124801
     0.267851     0.457364     0.146315     1.217603
     0.267851     0.457364     0.182894     1.306215
     0.334813    -0.457364    -0.182894     0.877941
     0.334813    -0.457364    -0.146315     0.841953
     0.334813    -0.457364    -0.109736     0.821846
     0.334813    -0.457364    -0.073158     0.820336
     0.334813    -0.457364    -0.036579     0.838891
     0.334813    -0.457364     0.000000     0.877261
     0.334813    -0.457364     0.036579     0.933581
     0.334813    -0.457364     0.073158     1.004753
     0.334813    -0.457364     0.109736     1.086805
     0.334813    -0.457364     0.146315     1.174916
     0.334813    -0.457364     0.182894     1.263436
     0.334813    -0.365891    -0.182894     0.817005
     0.334813    -0.365891    -0.146315     0.824021
     0.334813    -0.365891    -0.109736     0.847192
     0.334813    -0.365891    -0.073158     0.880574
     0.334813    -0.365891    -0.036579     0.920076
     0.334813    -0.365891     0.000000     0.964116
     0.334813    -0.365891     0.036579     1.013294
     0.334813    -0.365891     0.073158     1.069041
     0.334813    -0.365891     0.109736     1.131608
     0.334813    -0.365891     0.146315     1.198663
     0.334813    -0.365891     0.182894     1.265388
     0.334813    -0.274418    -0.182894     0.869735
     0.334813    -0.274418    -0.146315     0.888127
     0.334813    -0.274418    -0.109736     0.915645
     0.334813    -0.274418    -0.073158     0.948306
     0.334813    -0.274418    -0.036579     0.982098
     0.334813    -0.274418     0.000000     1.014865
     0.334813    -0.274418     0.036579     1.047000
     0.334813    -0.274418     0.073158     1.080294
     0.334813    -0.274418     0.109736     1.115838
     0.334813    -0.274418     0.146315     1.152473
     0.334813    -0.274418     0.182894     1.186566
     0.334813    -0.182945    -0.182894     1.000731
     0.334813    -0.182945    -0.146315     0.989320
     0.334813    -0.182945    -0.109736     0.974198
     0.334813    -0.182945    -0.073158     0.958976
     0.334813    -0.182945    -0.036579     0.946462
     0.334813    -0.182945     0.000000     0.938014
     0.334813    -0.182945     0.036579     0.934027
     0.334813    -0.182945     0.073158     0.934544
     0.334813    -0.182945     0.109736     0.938915
     0.334813    -0.182945     0.146315     0.945193
     0.334813    -0.182945     0.182894     0.950485
     0.334813    -0.091473    -0.182894     1.115371
     0.334813    -0.091473    -0.146315     1.065532
     0.334813    -0.091473    -0.109736     1.001804
     0.334813    -0.091473    -0.073158     0.929138
     0.334813    -0.091473    -0.036579     0.853297
     0.334813    -0.091473     0.000000     0.780520
     0.334813    -0.091473     0.036579     0.717230
     0.334813    -0.091473     0.073158     0.669225
     0.334813    -0.091473     0.109736     0.640446
     0.334813    -0.091473     0.146315     0.631803
     0.334813    -0.091473     0.182894     0.641177
     0.334813     0.000000    -0.182894     1.198716
     0.334813     0.000000    -0.146315     1.143358
     0.334813     0.000000    -0.109736     1.065351
     0.334813     0.000000    -0.073158     0.969972
     0.334813     0.000000    -0.036579     0.869507
     0.334813     0.000000     0.000000     0.771238
     0.334813     0.000000     0.036579     0.684364
     0.334813     0.000000     0.073158     0.619433
     0.334813     0.000000     0.109736     0.586256
     0.334813     0.000000     0.146315     0.590009
     0.334813     0.000000     0.182894     0.621014
     0.334813     0.091473    -0.182894     1.115853
     0.334813     0.091473    -0.146315     1.066981
     0.334813     0.091473    -0.109736     1.003489
     0.334813     0.091473    -0.073158     0.929453
     0.334813     0.091473    -0.036579     0.851178
     0.334813     0.091473     0.000000     0.776656
     0.334813     0.091473     0.036579     0.713669
     0.334813     0.091473     0.073158     0.667643
     0.334813     0.091473     0.109736     0.640804
     0.334813     0.091473     0.146315     0.632793
     0.334813     0.091473     0.182894     0.641741
     0.334813     0.182945    -0.182894     1.000671
     0.334813     0.182945    -0.146315     0.989033
     0.334813     0.182945    -0.109736     0.974100
     0.334813     0.182945    -0.073158     0.959707
     0.334813     0.182945    -0.036579     0.948180
     0.334813     0.182945     0.000000     0.940042
     0.334813     0.182945     0.036579     0.935397
     0.334813     0.182945     0.073158     0.934865
     0.334813     0.182945     0.109736     0.938639
     0.334813     0.182945     0.146315     0.945097
     0.334813     0.182945     0.182894     0.950956
     0.334813     0.274418    -0.182894     0.869723
     0.334813     0.274418    -0.146315     0.888139
     0.334813     0.274418    -0.109736     0.915722
     0.334813     0.274418    -0.073158     0.948449
     0.334813     0.274418    -0.036579     0.982300
     0.334813     0.274418     0.000000     1.015089
     0.334813     0.274418     0.036579     1.047157
     0.334813     0.274418     0.073158     1.080313
     0.334813     0.274418     0.109736     1.115754
     0.334813     0.274418     0.146315     1.152399
     0.334813     0.274418     0.182894     1.186579
     0.334813     0.365891    -0.182894     0.816548
     0.334813     0.365891    -0.146315     0.823556
     0.334813     0.365891    -0.109736     0.846572
     0.334813     0.365891    -0.073158     0.879628
     0.334813     0.365891    -0.036579     0.918761
     0.334813     0.365891     0.000000     0.962782
     0.334813     0.365891     0.036579     1.012518
     0.334813     0.365891     0.073158     1.069077
     0.334813     0.365891     0.109736     1.132122
     0.334813     0.365891     0.146315     1.199063
     0.334813     0.365891     0.182894     1.265361
     0.334813     0.457364    -0.182894     0.877192
     0.334813     0.457364    -0.146315     0.841609
     0.334813     0.457364    -0.109736     0.821765
     0.334813     0.457364    -0.073158     0.819871
     0.334813     0.457364    -0.036579     0.837559
     0.334813     0.457364     0.000000     0.875416
     0.334813     0.457364     0.036579     0.932196
     0.334813     0.457364     0.073158     1.004453
     0.334813     0.457364     0.109736     1.087246
     0.334813     0.457364     0.146315     1.175224
     0.334813     0.457364     0.182894     1.263119


