    -0.334813    -0.457364    -0.182894     1.290784
    -0.334813    -0.457364    -0.146315     1.203119
    -0.334813    -0.457364    -0.109736     1.115110
    -0.334813    -0.457364    -0.073158     1.031990
    -0.334813    -0.457364    -0.036579     0.959090
    -0.334813    -0.457364     0.000000     0.901365
    -0.334813    -0.457364     0.036579     0.862272
    -0.334813    -0.457364     0.073158     0.843005
    -0.334813    -0.457364     0.109736     0.842885
    -0.334813    -0.457364     0.146315     0.860253
    -0.334813    -0.457364     0.182894     0.893026
    -0.334813    -0.365891    -0.182894     1.292138
    -0.334813    -0.365891    -0.146315     1.224854
    -0.334813    -0.365891    -0.109736     1.156856
    -0.334813    -0.365891    -0.073158     1.092682
    -0.334813    -0.365891    -0.036579     1.034913
    -0.334813    -0.365891     0.000000     0.983863
    -0.334813    -0.365891     0.036579     0.938405
    -0.334813    -0.365891     0.073158     0.897763
    -0.334813    -0.365891     0.109736     0.863325
    -0.334813    -0.365891     0.146315     0.839328
    -0.334813    -0.365891     0.182894     0.831943
    -0.334813    -0.274418    -0.182894     1.208175
    -0.334813    -0.274418    -0.146315     1.171899
    -0.334813    -0.274418    -0.109736     1.133193
    -0.334813    -0.274418    -0.073158     1.095768
    -0.334813    -0.274418    -0.036579     1.060762
    -0.334813    -0.274418     0.000000     1.027108
    -0.334813    -0.274418     0.036579     0.993220
    -0.334813    -0.274418     0.073158     0.958996
    -0.334813    -0.274418     0.109736     0.926762
    -0.334813    -0.274418     0.146315     0.900533
    -0.334813    -0.274418     0.182894     0.884218
    -0.334813    -0.182945    -0.182894     0.959789
    -0.334813    -0.182945    -0.146315     0.951227
    -0.334813    -0.182945    -0.109736     0.942338
    -0.334813    -0.182945    -0.073158     0.936627
    -0.334813    -0.182945    -0.036579     0.935920
    -0.334813    -0.182945     0.000000     0.940135
    -0.334813    -0.182945     0.036579     0.948690
    -0.334813    -0.182945     0.073158     0.961504
    -0.334813    -0.182945     0.109736     0.978033
    -0.334813    -0.182945     0.146315     0.995836
    -0.334813    -0.182945     0.182894     1.010827
    -0.334813    -0.091473    -0.182894     0.642903
    -0.334813    -0.091473    -0.146315     0.631371
    -0.334813    -0.091473    -0.109736     0.637079
    -0.334813    -0.091473    -0.073158     0.662121
    -0.334813    -0.091473    -0.036579     0.707068
    -0.334813    -0.091473     0.000000     0.769847
    -0.334813    -0.091473     0.036579     0.845115
    -0.334813    -0.091473     0.073158     0.925097
    -0.334813    -0.091473     0.109736     1.001717
    -0.334813    -0.091473     0.146315     1.068456
    -0.334813    -0.091473     0.182894     1.120870
    -0.334813     0.000000    -0.182894     0.600164
    -0.334813     0.000000    -0.146315     0.560845
    -0.334813     0.000000    -0.109736     0.556304
    -0.334813     0.000000    -0.073158     0.589185
    -0.334813     0.000000    -0.036579     0.654448
    -0.334813     0.000000     0.000000     0.742312
    -0.334813     0.000000     0.036579     0.842157
    -0.334813     0.000000     0.073158     0.944653
    -0.334813     0.000000     0.109736     1.042358
    -0.334813     0.000000     0.146315     1.129685
    -0.334813     0.000000     0.182894     1.202683
    -0.334813     0.091473    -0.182894     0.642314
    -0.334813     0.091473    -0.146315     0.630416
    -0.334813     0.091473    -0.109736     0.636762
    -0.334813     0.091473    -0.073158     0.663614
    -0.334813     0.091473    -0.036579     0.710336
    -0.334813     0.091473     0.000000     0.773323
    -0.334813     0.091473     0.036579     0.846934
    -0.334813     0.091473     0.073158     0.924652
    -0.334813     0.091473     0.109736     1.000009
    -0.334813     0.091473     0.146315     1.066995
    -0.334813     0.091473     0.182894     1.120364
    -0.334813     0.182945    -0.182894     0.959299
    -0.334813     0.182945    -0.146315     0.951238
    -0.334813     0.182945    -0.109736     0.942511
    -0.334813     0.182945    -0.073158     0.936290
    -0.334813     0.182945    -0.036579     0.934660
    -0.334813     0.182945     0.000000     0.938261
    -0.334813     0.182945     0.036579     0.947062
    -0.334813     0.182945     0.073158     0.960766
    -0.334813     0.182945     0.109736     0.978067
    -0.334813     0.182945     0.146315     0.996045
    -0.334813     0.182945     0.182894     1.010822
    -0.334813     0.274418    -0.182894     1.208159
    -0.334813     0.274418    -0.146315     1.171933
    -0.334813     0.274418    -0.109736     1.133196
    -0.334813     0.274418    -0.073158     1.095666
    -0.334813     0.274418    -0.036579     1.060572
    -0.334813     0.274418     0.000000     1.026913
    -0.334813     0.274418     0.036579     0.993067
    -0.334813     0.274418     0.073158     0.958870
    -0.334813     0.274418     0.109736     0.926654
    -0.334813     0.274418     0.146315     0.900466
    -0.334813     0.274418     0.182894     0.884186
    -0.334813     0.365891    -0.182894     1.292230
    -0.334813     0.365891    -0.146315     1.224547
    -0.334813     0.365891    -0.109736     1.156442
    -0.334813     0.365891    -0.073158     1.092720
    -0.334813     0.365891    -0.036579     1.035714
    -0.334813     0.365891     0.000000     0.985175
    -0.334813     0.365891     0.036579     0.939678
    -0.334813     0.365891     0.073158     0.898684
    -0.334813     0.365891     0.109736     0.863948
    -0.334813     0.365891     0.146315     0.839805
    -0.334813     0.365891     0.182894     0.832396
    -0.334813     0.457364    -0.182894     1.291190
    -0.334813     0.457364    -0.146315     1.202962
    -0.334813     0.457364    -0.109736     1.114766
    -0.334813     0.457364    -0.073158     1.032174
    -0.334813     0.457364    -0.036579     0.960111
    -0.334813     0.457364     0.000000     0.902757
    -0.334813     0.457364     0.036579     0.863295
    -0.334813     0.457364     0.073158     0.843409
    -0.334813     0.457364     0.109736     0.843066
    -0.334813     0.457364     0.146315     0.860698
    -0.334813     0.457364     0.182894     0.893806
    -0.267851    -0.457364    -0.182894     1.315962
    -0.267851    -0.457364    -0.146315     1.226382
    -0.267851    -0.457364    -0.109736     1.132280
    -0.267851    -0.457364    -0.073158     1.038603
    -0.267851    -0.457364    -0.036579     0.951278
    -0.267851    -0.457364     0.000000     0.877345
    -0.267851    -0.457364     0.036579     0.823835
    -0.267851    -0.457364     0.073158     0.795728
    -0.267851    -0.457364     0.109736     0.794392
    -0.267851    -0.457364     0.146315     0.817545
    -0.267851    -0.457364     0.182894     0.860739
    -0.267851    -0.365891    -0.182894     1.295224
    -0.267851    -0.365891    -0.146315     1.214802
    -0.267851    -0.365891    -0.109736     1.125707
    -0.267851    -0.365891    -0.073158     1.032558
    -0.267851    -0.365891    -0.036579     0.940649
    -0.267851    -0.365891     0.000000     0.855711
    -0.267851    -0.365891     0.036579     0.783902
    -0.267851    -0.365891     0.073158     0.731592
    -0.267851    -0.365891     0.109736     0.704207
    -0.267851    -0.365891     0.146315     0.704870
    -0.267851    -0.365891     0.182894     0.734079
    -0.267851    -0.274418    -0.182894     1.191333
    -0.267851    -0.274418    -0.146315     1.133210
    -0.267851    -0.274418    -0.109736     1.063419
    -0.267851    -0.274418    -0.073158     0.986598
    -0.267851    -0.274418    -0.036579     0.908191
    -0.267851    -0.274418     0.000000     0.834089
    -0.267851    -0.274418     0.036579     0.769920
    -0.267851    -0.274418     0.073158     0.720343
    -0.267851    -0.274418     0.109736     0.688753
    -0.267851    -0.274418     0.146315     0.677162
    -0.267851    -0.274418     0.182894     0.685920
    -0.267851    -0.182945    -0.182894     0.934076
    -0.267851    -0.182945    -0.146315     0.905579
    -0.267851    -0.182945    -0.109736     0.867967
    -0.267851    -0.182945    -0.073158     0.826821
    -0.267851    -0.182945    -0.036579     0.788758
    -0.267851    -0.182945     0.000000     0.760004
    -0.267851    -0.182945     0.036579     0.744625
    -0.267851    -0.182945     0.073158     0.743071
    -0.267851    -0.182945     0.109736     0.752084
    -0.267851    -0.182945     0.146315     0.766193
    -0.267851    -0.182945     0.182894     0.780007
    -0.267851    -0.091473    -0.182894     0.580424
    -0.267851    -0.091473    -0.146315     0.570129
    -0.267851    -0.091473    -0.109736     0.568071
    -0.267851    -0.091473    -0.073158     0.578694
    -0.267851    -0.091473    -0.036579     0.605784
    -0.267851    -0.091473     0.000000     0.649786
    -0.267851    -0.091473     0.036579     0.706713
    -0.267851    -0.091473     0.073158     0.769412
    -0.267851    -0.091473     0.109736     0.829901
    -0.267851    -0.091473     0.146315     0.881434
    -0.267851    -0.091473     0.182894     0.919534
    -0.267851     0.000000    -0.182894     0.489960
    -0.267851     0.000000    -0.146315     0.481536
    -0.267851     0.000000    -0.109736     0.498819
    -0.267851     0.000000    -0.073158     0.541062
    -0.267851     0.000000    -0.036579     0.603432
    -0.267851     0.000000     0.000000     0.677728
    -0.267851     0.000000     0.036579     0.758895
    -0.267851     0.000000     0.073158     0.837429
    -0.267851     0.000000     0.109736     0.907592
    -0.267851     0.000000     0.146315     0.966279
    -0.267851     0.000000     0.182894     1.011150
    -0.267851     0.091473    -0.182894     0.580087
    -0.267851     0.091473    -0.146315     0.569684
    -0.267851     0.091473    -0.109736     0.568112
    -0.267851     0.091473    -0.073158     0.579680
    -0.267851     0.091473    -0.036579     0.607420
    -0.267851     0.091473     0.000000     0.651206
    -0.267851     0.091473     0.036579     0.707195
    -0.267851     0.091473     0.073158     0.768887
    -0.267851     0.091473     0.109736     0.828929
    -0.267851     0.091473     0.146315     0.880703
    -0.267851     0.091473     0.182894     0.919315
    -0.267851     0.182945    -0.182894     0.934121
    -0.267851     0.182945    -0.146315     0.905682
    -0.267851     0.182945    -0.109736     0.867926
    -0.267851     0.182945    -0.073158     0.826428
    -0.267851     0.182945    -0.036579     0.788079
    -0.267851     0.182945     0.000000     0.759359
    -0.267851     0.182945     0.036579     0.744307
    -0.267851     0.182945     0.073158     0.743115
    -0.267851     0.182945     0.109736     0.752274
    -0.267851     0.182945     0.146315     0.766282
    -0.267851     0.182945     0.182894     0.779932
    -0.267851     0.274418    -0.182894     1.191620
    -0.267851     0.274418    -0.146315     1.132773
    -0.267851     0.274418    -0.109736     1.062635
    -0.267851     0.274418    -0.073158     0.986327
    -0.267851     0.274418    -0.036579     0.909038
    -0.267851     0.274418     0.000000     0.835865
    -0.267851     0.274418     0.036579     0.771862
    -0.267851     0.274418     0.073158     0.721784
    -0.267851     0.274418     0.109736     0.689532
    -0.267851     0.274418     0.146315     0.677534
    -0.267851     0.274418     0.182894     0.686241
    -0.267851     0.365891    -0.182894     1.295134
    -0.267851     0.365891    -0.146315     1.213974
    -0.267851     0.365891    -0.109736     1.124874
    -0.267851     0.365891    -0.073158     1.033059
    -0.267851     0.365891    -0.036579     0.943185
    -0.267851     0.365891     0.000000     0.859566
    -0.267851     0.365891     0.036579     0.787521
    -0.267851     0.365891     0.073158     0.733918
    -0.267851     0.365891     0.109736     0.705346
    -0.267851     0.365891     0.146315     0.705574
    -0.267851     0.365891     0.182894     0.734877
    -0.267851     0.457364    -0.182894     1.316249
    -0.267851     0.457364    -0.146315     1.226705
    -0.267851     0.457364    -0.109736     1.132425
    -0.267851     0.457364    -0.073158     1.038289
    -0.267851     0.457364    -0.036579     0.950390
    -0.267851     0.457364     0.000000     0.876114
    -0.267851     0.457364     0.036579     0.822766
    -0.267851     0.457364     0.073158     0.795218
    -0.267851     0.457364     0.109736     0.794394
    -0.267851     0.457364     0.146315     0.817701
    -0.267851     0.457364     0.182894     0.860825
    -0.200888    -0.457364    -0.182894     1.304121
    -0.200888    -0.457364    -0.146315     1.219536
    -0.200888    -0.457364    -0.109736     1.130478
    -0.200888    -0.457364    -0.073158     1.042305
    -0.200888    -0.457364    -0.036579     0.959622
    -0.200888    -0.457364     0.000000     0.886503
    -0.200888    -0.457364     0.036579     0.827340
    -0.200888    -0.457364     0.073158     0.786793
    -0.200888    -0.457364     0.109736     0.768354
    -0.200888    -0.457364     0.146315     0.773246
    -0.200888    -0.457364     0.182894     0.800968
    -0.200888    -0.365891    -0.182894     1.291055
    -0.200888    -0.365891    -0.146315     1.209678
    -0.200888    -0.365891    -0.109736     1.117216
    -0.200888    -0.365891    -0.073158     1.018307
    -0.200888    -0.365891    -0.036579     0.918127
    -0.200888    -0.365891     0.000000     0.822407
    -0.200888    -0.365891     0.036579     0.738626
    -0.200888    -0.365891     0.073158     0.676683
    -0.200888    -0.365891     0.109736     0.646474
    -0.200888    -0.365891     0.146315     0.653123
    -0.200888    -0.365891     0.182894     0.694680
    -0.200888    -0.274418    -0.182894     1.180274
    -0.200888    -0.274418    -0.146315     1.114231
    -0.200888    -0.274418    -0.109736     1.032012
    -0.200888    -0.274418    -0.073158     0.937969
    -0.200888    -0.274418    -0.036579     0.838074
    -0.200888    -0.274418     0.000000     0.740023
    -0.200888    -0.274418     0.036579     0.653022
    -0.200888    -0.274418     0.073158     0.586895
    -0.200888    -0.274418     0.109736     0.550258
    -0.200888    -0.274418     0.146315     0.547655
    -0.200888    -0.274418     0.182894     0.577293
    -0.200888    -0.182945    -0.182894     0.897596
    -0.200888    -0.182945    -0.146315     0.859816
    -0.200888    -0.182945    -0.109736     0.808809
    -0.200888    -0.182945    -0.073158     0.748741
    -0.200888    -0.182945    -0.036579     0.685816
    -0.200888    -0.182945     0.000000     0.627509
    -0.200888    -0.182945     0.036579     0.580782
    -0.200888    -0.182945     0.073158     0.549892
    -0.200888    -0.182945     0.109736     0.535263
    -0.200888    -0.182945     0.146315     0.534196
    -0.200888    -0.182945     0.182894     0.542895
    -0.200888    -0.091473    -0.182894     0.514943
    -0.200888    -0.091473    -0.146315     0.509621
    -0.200888    -0.091473    -0.109736     0.505803
    -0.200888    -0.091473    -0.073158     0.506015
    -0.200888    -0.091473    -0.036579     0.512505
    -0.200888    -0.091473     0.000000     0.526436
    -0.200888    -0.091473     0.036579     0.547362
    -0.200888    -0.091473     0.073158     0.573155
    -0.200888    -0.091473     0.109736     0.600439
    -0.200888    -0.091473     0.146315     0.625434
    -0.200888    -0.091473     0.182894     0.644821
    -0.200888     0.000000    -0.182894     0.352306
    -0.200888     0.000000    -0.146315     0.367321
    -0.200888     0.000000    -0.109736     0.394159
    -0.200888     0.000000    -0.073158     0.429566
    -0.200888     0.000000    -0.036579     0.470840
    -0.200888     0.000000     0.000000     0.515765
    -0.200888     0.000000     0.036579     0.562141
    -0.200888     0.000000     0.073158     0.607662
    -0.200888     0.000000     0.109736     0.650120
    -0.200888     0.000000     0.146315     0.687354
    -0.200888     0.000000     0.182894     0.717010
    -0.200888     0.091473    -0.182894     0.515108
    -0.200888     0.091473    -0.146315     0.509710
    -0.200888     0.091473    -0.109736     0.505905
    -0.200888     0.091473    -0.073158     0.506183
    -0.200888     0.091473    -0.036579     0.512715
    -0.200888     0.091473     0.000000     0.526643
    -0.200888     0.091473     0.036579     0.547564
    -0.200888     0.091473     0.073158     0.573389
    -0.200888     0.091473     0.109736     0.600725
    -0.200888     0.091473     0.146315     0.625741
    -0.200888     0.091473     0.182894     0.645077
    -0.200888     0.182945    -0.182894     0.898352
    -0.200888     0.182945    -0.146315     0.860416
    -0.200888     0.182945    -0.109736     0.809126
    -0.200888     0.182945    -0.073158     0.748870
    -0.200888     0.182945    -0.036579     0.686071
    -0.200888     0.182945     0.000000     0.628095
    -0.200888     0.182945     0.036579     0.581501
    -0.200888     0.182945     0.073158     0.550369
    -0.200888     0.182945     0.109736     0.535366
    -0.200888     0.182945     0.146315     0.534087
    -0.200888     0.182945     0.182894     0.542804
    -0.200888     0.274418    -0.182894     1.180671
    -0.200888     0.274418    -0.146315     1.114147
    -0.200888     0.274418    -0.109736     1.031677
    -0.200888     0.274418    -0.073158     0.937970
    -0.200888     0.274418    -0.036579     0.838813
    -0.200888     0.274418     0.000000     0.741313
    -0.200888     0.274418     0.036579     0.654282
    -0.200888     0.274418     0.073158     0.587707
    -0.200888     0.274418     0.109736     0.550630
    -0.200888     0.274418     0.146315     0.547845
    -0.200888     0.274418     0.182894     0.577565
    -0.200888     0.365891    -0.182894     1.290568
    -0.200888     0.365891    -0.146315     1.209436
    -0.200888     0.365891    -0.109736     1.117341
    -0.200888     0.365891    -0.073158     1.018762
    -0.200888     0.365891    -0.036579     0.918782
    -0.200888     0.365891     0.000000     0.823137
    -0.200888     0.365891     0.036579     0.739250
    -0.200888     0.365891     0.073158     0.676948
    -0.200888     0.365891     0.109736     0.646323
    -0.200888     0.365891     0.146315     0.652853
    -0.200888     0.365891     0.182894     0.694548
    -0.200888     0.457364    -0.182894     1.304140
    -0.200888     0.457364    -0.146315     1.220241
    -0.200888     0.457364    -0.109736     1.131123
    -0.200888     0.457364    -0.073158     1.041386
    -0.200888     0.457364    -0.036579     0.956452
    -0.200888     0.457364     0.000000     0.882266
    -0.200888     0.457364     0.036579     0.824152
    -0.200888     0.457364     0.073158     0.785686
    -0.200888     0.457364     0.109736     0.768587
    -0.200888     0.457364     0.146315     0.773554
    -0.200888     0.457364     0.182894     0.800819
    -0.133925    -0.457364    -0.182894     1.282502
    -0.133925    -0.457364    -0.146315     1.218845
    -0.133925    -0.457364    -0.109736     1.153731
    -0.133925    -0.457364    -0.073158     1.092185
    -0.133925    -0.457364    -0.036579     1.036414
    -0.133925    -0.457364     0.000000     0.985804
    -0.133925    -0.457364     0.036579     0.938712
    -0.133925    -0.457364     0.073158     0.894835
    -0.133925    -0.457364     0.109736     0.856743
    -0.133925    -0.457364     0.146315     0.829645
    -0.133925    -0.457364     0.182894     0.819680
    -0.133925    -0.365891    -0.182894     1.229324
    -0.133925    -0.365891    -0.146315     1.160058
    -0.133925    -0.365891    -0.109736     1.078749
    -0.133925    -0.365891    -0.073158     0.990419
    -0.133925    -0.365891    -0.036579     0.900200
    -0.133925    -0.365891     0.000000     0.813389
    -0.133925    -0.365891     0.036579     0.736051
    -0.133925    -0.365891     0.073158     0.675386
    -0.133925    -0.365891     0.109736     0.638810
    -0.133925    -0.365891     0.146315     0.631295
    -0.133925    -0.365891     0.182894     0.652958
    -0.133925    -0.274418    -0.182894     1.120956
    -0.133925    -0.274418    -0.146315     1.062610
    -0.133925    -0.274418    -0.109736     0.985309
    -0.133925    -0.274418    -0.073158     0.894662
    -0.133925    -0.274418    -0.036579     0.798072
    -0.133925    -0.274418     0.000000     0.703804
    -0.133925    -0.274418     0.036579     0.620609
    -0.133925    -0.274418     0.073158     0.557043
    -0.133925    -0.274418     0.109736     0.520498
    -0.133925    -0.274418     0.146315     0.515240
    -0.133925    -0.274418     0.182894     0.539956
    -0.133925    -0.182945    -0.182894     0.823281
    -0.133925    -0.182945    -0.146315     0.787618
    -0.133925    -0.182945    -0.109736     0.741064
    -0.133925    -0.182945    -0.073158     0.686261
    -0.133925    -0.182945    -0.036579     0.626675
    -0.133925    -0.182945     0.000000     0.566561
    -0.133925    -0.182945     0.036579     0.510583
    -0.133925    -0.182945     0.073158     0.462953
    -0.133925    -0.182945     0.109736     0.426911
    -0.133925    -0.182945     0.146315     0.404971
    -0.133925    -0.182945     0.182894     0.399202
    -0.133925    -0.091473    -0.182894     0.432759
    -0.133925    -0.091473    -0.146315     0.434122
    -0.133925    -0.091473    -0.109736     0.434765
    -0.133925    -0.091473    -0.073158     0.434753
    -0.133925    -0.091473    -0.036579     0.432984
    -0.133925    -0.091473     0.000000     0.428155
    -0.133925    -0.091473     0.036579     0.420035
    -0.133925    -0.091473     0.073158     0.409620
    -0.133925    -0.091473     0.109736     0.398194
    -0.133925    -0.091473     0.146315     0.386635
    -0.133925    -0.091473     0.182894     0.375544
    -0.133925     0.000000    -0.182894     0.261036
    -0.133925     0.000000    -0.146315     0.292934
    -0.133925     0.000000    -0.109736     0.324018
    -0.133925     0.000000    -0.073158     0.351869
    -0.133925     0.000000    -0.036579     0.374713
    -0.133925     0.000000     0.000000     0.391557
    -0.133925     0.000000     0.036579     0.402484
    -0.133925     0.000000     0.073158     0.408536
    -0.133925     0.000000     0.109736     0.411052
    -0.133925     0.000000     0.146315     0.411050
    -0.133925     0.000000     0.182894     0.409027
    -0.133925     0.091473    -0.182894     0.432903
    -0.133925     0.091473    -0.146315     0.434383
    -0.133925     0.091473    -0.109736     0.434818
    -0.133925     0.091473    -0.073158     0.434241
    -0.133925     0.091473    -0.036579     0.432019
    -0.133925     0.091473     0.000000     0.427351
    -0.133925     0.091473     0.036579     0.419948
    -0.133925     0.091473     0.073158     0.410255
    -0.133925     0.091473     0.109736     0.399111
    -0.133925     0.091473     0.146315     0.387411
    -0.133925     0.091473     0.182894     0.376027
    -0.133925     0.182945    -0.182894     0.823499
    -0.133925     0.182945    -0.146315     0.787617
    -0.133925     0.182945    -0.109736     0.740938
    -0.133925     0.182945    -0.073158     0.686345
    -0.133925     0.182945    -0.036579     0.627270
    -0.133925     0.182945     0.000000     0.567581
    -0.133925     0.182945     0.036579     0.511523
    -0.133925     0.182945     0.073158     0.463382
    -0.133925     0.182945     0.109736     0.426948
    -0.133925     0.182945     0.146315     0.405052
    -0.133925     0.182945     0.182894     0.399526
    -0.133925     0.274418    -0.182894     1.121031
    -0.133925     0.274418    -0.146315     1.062801
    -0.133925     0.274418    -0.109736     0.985447
    -0.133925     0.274418    -0.073158     0.894364
    -0.133925     0.274418    -0.036579     0.797149
    -0.133925     0.274418     0.000000     0.702505
    -0.133925     0.274418     0.036579     0.619431
    -0.133925     0.274418     0.073158     0.556332
    -0.133925     0.274418     0.109736     0.520265
    -0.133925     0.274418     0.146315     0.515275
    -0.133925     0.274418     0.182894     0.540048
    -0.133925     0.365891    -0.182894     1.229317
    -0.133925     0.365891    -0.146315     1.161126
    -0.133925     0.365891    -0.109736     1.080049
    -0.133925     0.365891    -0.073158     0.990055
    -0.133925     0.365891    -0.036579     0.897090
    -0.133925     0.365891     0.000000     0.808628
    -0.133925     0.365891     0.036579     0.732109
    -0.133925     0.365891     0.073158     0.673910
    -0.133925     0.365891     0.109736     0.639340
    -0.133925     0.365891     0.146315     0.632216
    -0.133925     0.365891     0.182894     0.653254
    -0.133925     0.457364    -0.182894     1.282436
    -0.133925     0.457364    -0.146315     1.219368
    -0.133925     0.457364    -0.109736     1.154282
    -0.133925     0.457364    -0.073158     1.091520
    -0.133925     0.457364    -0.036579     1.033887
    -0.133925     0.457364     0.000000     0.982329
    -0.133925     0.457364     0.036579     0.936065
    -0.133925     0.457364     0.073158     0.893969
    -0.133925     0.457364     0.109736     0.857137
    -0.133925     0.457364     0.146315     0.830213
    -0.133925     0.457364     0.182894     0.819855
    -0.066963    -0.457364    -0.182894     1.237341
    -0.066963    -0.457364    -0.146315     1.210814
    -0.066963    -0.457364    -0.109736     1.186006
    -0.066963    -0.457364    -0.073158     1.164772
    -0.066963    -0.457364    -0.036579     1.145574
    -0.066963    -0.457364     0.000000     1.124399
    -0.066963    -0.457364     0.036579     1.097196
    -0.066963    -0.457364     0.073158     1.062770
    -0.066963    -0.457364     0.109736     1.024129
    -0.066963    -0.457364     0.146315     0.987311
    -0.066963    -0.457364     0.182894     0.958778
    -0.066963    -0.365891    -0.182894     1.122704
    -0.066963    -0.365891    -0.146315     1.079491
    -0.066963    -0.365891    -0.109736     1.026344
    -0.066963    -0.365891    -0.073158     0.968242
    -0.066963    -0.365891    -0.036579     0.910208
    -0.066963    -0.365891     0.000000     0.857094
    -0.066963    -0.365891     0.036579     0.812952
    -0.066963    -0.365891     0.073158     0.780385
    -0.066963    -0.365891     0.109736     0.760519
    -0.066963    -0.365891     0.146315     0.753081
    -0.066963    -0.365891     0.182894     0.756478
    -0.066963    -0.274418    -0.182894     0.947842
    -0.066963    -0.274418    -0.146315     0.905913
    -0.066963    -0.274418    -0.109736     0.849651
    -0.066963    -0.274418    -0.073158     0.783633
    -0.066963    -0.274418    -0.036579     0.714388
    -0.066963    -0.274418     0.000000     0.649437
    -0.066963    -0.274418     0.036579     0.595775
    -0.066963    -0.274418     0.073158     0.558344
    -0.066963    -0.274418     0.109736     0.538968
    -0.066963    -0.274418     0.146315     0.536150
    -0.066963    -0.274418     0.182894     0.546259
    -0.066963    -0.182945    -0.182894     0.662805
    -0.066963    -0.182945    -0.146315     0.638190
    -0.066963    -0.182945    -0.109736     0.606534
    -0.066963    -0.182945    -0.073158     0.570020
    -0.066963    -0.182945    -0.036579     0.531422
    -0.066963    -0.182945     0.000000     0.493265
    -0.066963    -0.182945     0.036579     0.457006
    -0.066963    -0.182945     0.073158     0.423334
    -0.066963    -0.182945     0.109736     0.393299
    -0.066963    -0.182945     0.146315     0.368990
    -0.066963    -0.182945     0.182894     0.353233
    -0.066963    -0.091473    -0.182894     0.331057
    -0.066963    -0.091473    -0.146315     0.345006
    -0.066963    -0.091473    -0.109736     0.357043
    -0.066963    -0.091473    -0.073158     0.365781
    -0.066963    -0.091473    -0.036579     0.369323
    -0.066963    -0.091473     0.000000     0.365875
    -0.066963    -0.091473     0.036579     0.354506
    -0.066963    -0.091473     0.073158     0.335467
    -0.066963    -0.091473     0.109736     0.309893
    -0.066963    -0.091473     0.146315     0.279355
    -0.066963    -0.091473     0.182894     0.245736
    -0.066963     0.000000    -0.182894     0.225558
    -0.066963     0.000000    -0.146315     0.259760
    -0.066963     0.000000    -0.109736     0.288715
    -0.066963     0.000000    -0.073158     0.311019
    -0.066963     0.000000    -0.036579     0.325416
    -0.066963     0.000000     0.000000     0.331003
    -0.066963     0.000000     0.036579     0.327512
    -0.066963     0.000000     0.073158     0.315377
    -0.066963     0.000000     0.109736     0.295517
    -0.066963     0.000000     0.146315     0.269119
    -0.066963     0.000000     0.182894     0.237625
    -0.066963     0.091473    -0.182894     0.330994
    -0.066963     0.091473    -0.146315     0.345162
    -0.066963     0.091473    -0.109736     0.357121
    -0.066963     0.091473    -0.073158     0.365352
    -0.066963     0.091473    -0.036579     0.368297
    -0.066963     0.091473     0.000000     0.364697
    -0.066963     0.091473     0.036579     0.353791
    -0.066963     0.091473     0.073158     0.335443
    -0.066963     0.091473     0.109736     0.310263
    -0.066963     0.091473     0.146315     0.279658
    -0.066963     0.091473     0.182894     0.245768
    -0.066963     0.182945    -0.182894     0.662839
    -0.066963     0.182945    -0.146315     0.638260
    -0.066963     0.182945    -0.109736     0.606862
    -0.066963     0.182945    -0.073158     0.570719
    -0.066963     0.182945    -0.036579     0.532191
    -0.066963     0.182945     0.000000     0.493575
    -0.066963     0.182945     0.036579     0.456612
    -0.066963     0.182945     0.073158     0.422494
    -0.066963     0.182945     0.109736     0.392484
    -0.066963     0.182945     0.146315     0.368491
    -0.066963     0.182945     0.182894     0.353041
    -0.066963     0.274418    -0.182894     0.948026
    -0.066963     0.274418    -0.146315     0.906298
    -0.066963     0.274418    -0.109736     0.850020
    -0.066963     0.274418    -0.073158     0.783393
    -0.066963     0.274418    -0.036579     0.713118
    -0.066963     0.274418     0.000000     0.647408
    -0.066963     0.274418     0.036579     0.593816
    -0.066963     0.274418     0.073158     0.557177
    -0.066963     0.274418     0.109736     0.538677
    -0.066963     0.274418     0.146315     0.536288
    -0.066963     0.274418     0.182894     0.546410
    -0.066963     0.365891    -0.182894     1.122881
    -0.066963     0.365891    -0.146315     1.079862
    -0.066963     0.365891    -0.109736     1.026565
    -0.066963     0.365891    -0.073158     0.967673
    -0.066963     0.365891    -0.036579     0.908617
    -0.066963     0.365891     0.000000     0.855132
    -0.066963     0.365891     0.036579     0.811736
    -0.066963     0.365891     0.073158     0.780509
    -0.066963     0.365891     0.109736     0.761547
    -0.066963     0.365891     0.146315     0.754053
    -0.066963     0.365891     0.182894     0.756873
    -0.066963     0.457364    -0.182894     1.237178
    -0.066963     0.457364    -0.146315     1.210133
    -0.066963     0.457364    -0.109736     1.185224
    -0.066963     0.457364    -0.073158     1.164858
    -0.066963     0.457364    -0.036579     1.147072
    -0.066963     0.457364     0.000000     1.126625
    -0.066963     0.457364     0.036579     1.098747
    -0.066963     0.457364     0.073158     1.062879
    -0.066963     0.457364     0.109736     1.023244
    -0.066963     0.457364     0.146315     0.986371
    -0.066963     0.457364     0.182894     0.958289
     0.000000    -0.457364    -0.182894     1.129095
     0.000000    -0.457364    -0.146315     1.141345
     0.000000    -0.457364    -0.109736     1.157953
     0.000000    -0.457364    -0.073158     1.176320
     0.000000    -0.457364    -0.036579     1.191121
     0.000000    -0.457364     0.000000     1.196794
     0.000000    -0.457364     0.036579     1.191029
     0.000000    -0.457364     0.073158     1.176347
     0.000000    -0.457364     0.109736     1.158226
     0.000000    -0.457364     0.146315     1.141788
     0.000000    -0.457364     0.182894     1.129562
     0.000000    -0.365891    -0.182894     0.952898
     0.000000    -0.365891    -0.146315     0.938766
     0.000000    -0.365891    -0.109736     0.921699
     0.000000    -0.365891    -0.073158     0.905597
     0.000000    -0.365891    -0.036579     0.893995
     0.000000    -0.365891     0.000000     0.889479
     0.000000    -0.365891     0.036579     0.893203
     0.000000    -0.365891     0.073158     0.904466
     0.000000    -0.365891     0.109736     0.920789
     0.000000    -0.365891     0.146315     0.938378
     0.000000    -0.365891     0.182894     0.952954
     0.000000    -0.274418    -0.182894     0.733915
     0.000000    -0.274418    -0.146315     0.713444
     0.000000    -0.274418    -0.109736     0.687540
     0.000000    -0.274418    -0.073158     0.661605
     0.000000    -0.274418    -0.036579     0.642303
     0.000000    -0.274418     0.000000     0.635247
     0.000000    -0.274418     0.036579     0.642588
     0.000000    -0.274418     0.073158     0.662012
     0.000000    -0.274418     0.109736     0.687866
     0.000000    -0.274418     0.146315     0.713595
     0.000000    -0.274418     0.182894     0.733936
     0.000000    -0.182945    -0.182894     0.465685
     0.000000    -0.182945    -0.146315     0.464367
     0.000000    -0.182945    -0.109736     0.462000
     0.000000    -0.182945    -0.073158     0.459183
     0.000000    -0.182945    -0.036579     0.457082
     0.000000    -0.182945     0.000000     0.456798
     0.000000    -0.182945     0.036579     0.458429
     0.000000    -0.182945     0.073158     0.461015
     0.000000    -0.182945     0.109736     0.463419
     0.000000    -0.182945     0.146315     0.465110
     0.000000    -0.182945     0.182894     0.465981
     0.000000    -0.091473    -0.182894     0.250424
     0.000000    -0.091473    -0.146315     0.280594
     0.000000    -0.091473    -0.109736     0.306455
     0.000000    -0.091473    -0.073158     0.326204
     0.000000    -0.091473    -0.036579     0.338608
     0.000000    -0.091473     0.000000     0.342997
     0.000000    -0.091473     0.036579     0.339050
     0.000000    -0.091473     0.073158     0.326803
     0.000000    -0.091473     0.109736     0.306920
     0.000000    -0.091473     0.146315     0.280843
     0.000000    -0.091473     0.182894     0.250530
     0.000000     0.000000    -0.182894     0.265751
     0.000000     0.000000    -0.146315     0.291717
     0.000000     0.000000    -0.109736     0.313852
     0.000000     0.000000    -0.073158     0.330770
     0.000000     0.000000    -0.036579     0.341390
     0.000000     0.000000     0.000000     0.345015
     0.000000     0.000000     0.036579     0.341396
     0.000000     0.000000     0.073158     0.330779
     0.000000     0.000000     0.109736     0.313864
     0.000000     0.000000     0.146315     0.291725
     0.000000     0.000000     0.182894     0.265742
     0.000000     0.091473    -0.182894     0.250517
     0.000000     0.091473    -0.146315     0.280820
     0.000000     0.091473    -0.109736     0.306890
     0.000000     0.091473    -0.073158     0.326777
     0.000000     0.091473    -0.036579     0.339043
     0.000000     0.091473     0.000000     0.343009
     0.000000     0.091473     0.036579     0.338623
     0.000000     0.091473     0.073158     0.326207
     0.000000     0.091473     0.109736     0.306445
     0.000000     0.091473     0.146315     0.280583
     0.000000     0.091473     0.182894     0.250420
     0.000000     0.182945    -0.182894     0.465985
     0.000000     0.182945    -0.146315     0.465122
     0.000000     0.182945    -0.109736     0.463428
     0.000000     0.182945    -0.073158     0.461011
     0.000000     0.182945    -0.036579     0.458411
     0.000000     0.182945     0.000000     0.456779
     0.000000     0.182945     0.036579     0.457074
     0.000000     0.182945     0.073158     0.459190
     0.000000     0.182945     0.109736     0.462010
     0.000000     0.182945     0.146315     0.464369
     0.000000     0.182945     0.182894     0.465673
     0.000000     0.274418    -0.182894     0.733955
     0.000000     0.274418    -0.146315     0.713625
     0.000000     0.274418    -0.109736     0.687884
     0.000000     0.274418    -0.073158     0.662008
     0.000000     0.274418    -0.036579     0.642572
     0.000000     0.274418     0.000000     0.635234
     0.000000     0.274418     0.036579     0.642302
     0.000000     0.274418     0.073158     0.661614
     0.000000     0.274418     0.109736     0.687550
     0.000000     0.274418     0.146315     0.713453
     0.000000     0.274418     0.182894     0.733922
     0.000000     0.365891    -0.182894     0.952964
     0.000000     0.365891    -0.146315     0.938392
     0.000000     0.365891    -0.109736     0.920794
     0.000000     0.365891    -0.073158     0.904454
     0.000000     0.365891    -0.036579     0.893181
     0.000000     0.365891     0.000000     0.889463
     0.000000     0.365891     0.036579     0.893989
     0.000000     0.365891     0.073158     0.905592
     0.000000     0.365891     0.109736     0.921688
     0.000000     0.365891     0.146315     0.938757
     0.000000     0.365891     0.182894     0.952901
     0.000000     0.457364    -0.182894     1.129553
     0.000000     0.457364    -0.146315     1.141778
     0.000000     0.457364    -0.109736     1.158220
     0.000000     0.457364    -0.073158     1.176345
     0.000000     0.457364    -0.036579     1.191027
     0.000000     0.457364     0.000000     1.196793
     0.000000     0.457364     0.036579     1.191124
     0.000000     0.457364     0.073158     1.176321
     0.000000     0.457364     0.109736     1.157940
     0.000000     0.457364     0.146315     1.141315
     0.000000     0.457364     0.182894     1.129065
     0.066963    -0.457364    -0.182894     0.958334
     0.066963    -0.457364    -0.146315     0.986409
     0.066963    -0.457364    -0.109736     1.023252
     0.066963    -0.457364    -0.073158     1.062857
     0.066963    -0.457364    -0.036579     1.098712
     0.066963    -0.457364     0.000000     1.126601
     0.066963    -0.457364     0.036579     1.147072
     0.066963    -0.457364     0.073158     1.164879
     0.066963    -0.457364     0.109736     1.185244
     0.066963    -0.457364     0.146315     1.210135
     0.066963    -0.457364     0.182894     1.237166
     0.066963    -0.365891    -0.182894     0.756879
     0.066963    -0.365891    -0.146315     0.754067
     0.066963    -0.365891    -0.109736     0.761557
     0.066963    -0.365891    -0.073158     0.780506
     0.066963    -0.365891    -0.036579     0.811726
     0.066963    -0.365891     0.000000     0.855133
     0.066963    -0.365891     0.036579     0.908637
     0.066963    -0.365891     0.073158     0.967703
     0.066963    -0.365891     0.109736     1.026588
     0.066963    -0.365891     0.146315     1.079870
     0.066963    -0.365891     0.182894     1.122884
     0.066963    -0.274418    -0.182894     0.546389
     0.066963    -0.274418    -0.146315     0.536268
     0.066963    -0.274418    -0.109736     0.538664
     0.066963    -0.274418    -0.073158     0.557171
     0.066963    -0.274418    -0.036579     0.593812
     0.066963    -0.274418     0.000000     0.647407
     0.066963    -0.274418     0.036579     0.713121
     0.066963    -0.274418     0.073158     0.783395
     0.066963    -0.274418     0.109736     0.850016
     0.066963    -0.274418     0.146315     0.906291
     0.066963    -0.274418     0.182894     0.948030
     0.066963    -0.182945    -0.182894     0.353041
     0.066963    -0.182945    -0.146315     0.368471
     0.066963    -0.182945    -0.109736     0.392451
     0.066963    -0.182945    -0.073158     0.422463
     0.066963    -0.182945    -0.036579     0.456601
     0.066963    -0.182945     0.000000     0.493585
     0.066963    -0.182945     0.036579     0.532205
     0.066963    -0.182945     0.073158     0.570723
     0.066963    -0.182945     0.109736     0.606857
     0.066963    -0.182945     0.146315     0.638255
     0.066963    -0.182945     0.182894     0.662844
     0.066963    -0.091473    -0.182894     0.245747
     0.066963    -0.091473    -0.146315     0.279643
     0.066963    -0.091473    -0.109736     0.310253
     0.066963    -0.091473    -0.073158     0.335429
     0.066963    -0.091473    -0.036579     0.353769
     0.066963    -0.091473     0.000000     0.364679
     0.066963    -0.091473     0.036579     0.368293
     0.066963    -0.091473     0.073158     0.365364
     0.066963    -0.091473     0.109736     0.357143
     0.066963    -0.091473     0.146315     0.345185
     0.066963    -0.091473     0.182894     0.331011
     0.066963     0.000000    -0.182894     0.237625
     0.066963     0.000000    -0.146315     0.269113
     0.066963     0.000000    -0.109736     0.295499
     0.066963     0.000000    -0.073158     0.315351
     0.066963     0.000000    -0.036579     0.327491
     0.066963     0.000000     0.000000     0.331005
     0.066963     0.000000     0.036579     0.325445
     0.066963     0.000000     0.073158     0.311057
     0.066963     0.000000     0.109736     0.288736
     0.066963     0.000000     0.146315     0.259750
     0.066963     0.000000     0.182894     0.225530
     0.066963     0.091473    -0.182894     0.245729
     0.066963     0.091473    -0.146315     0.279336
     0.066963     0.091473    -0.109736     0.309856
     0.066963     0.091473    -0.073158     0.335429
     0.066963     0.091473    -0.036579     0.354490
     0.066963     0.091473     0.000000     0.365887
     0.066963     0.091473     0.036579     0.369348
     0.066963     0.091473     0.073158     0.365799
     0.066963     0.091473     0.109736     0.357043
     0.066963     0.091473     0.146315     0.344993
     0.066963     0.091473     0.182894     0.331046
     0.066963     0.182945    -0.182894     0.353238
     0.066963     0.182945    -0.146315     0.368999
     0.066963     0.182945    -0.109736     0.393299
     0.066963     0.182945    -0.073158     0.423322
     0.066963     0.182945    -0.036579     0.456985
     0.066963     0.182945     0.000000     0.493245
     0.066963     0.182945     0.036579     0.531409
     0.066963     0.182945     0.073158     0.570018
     0.066963     0.182945     0.109736     0.606536
     0.066963     0.182945     0.146315     0.638191
     0.066963     0.182945     0.182894     0.662796
     0.066963     0.274418    -0.182894     0.546297
     0.066963     0.274418    -0.146315     0.536195
     0.066963     0.274418    -0.109736     0.538988
     0.066963     0.274418    -0.073158     0.558335
     0.066963     0.274418    -0.036579     0.595753
     0.066963     0.274418     0.000000     0.649419
     0.066963     0.274418     0.036579     0.714380
     0.066963     0.274418     0.073158     0.783631
     0.066963     0.274418     0.109736     0.849652
     0.066963     0.274418     0.146315     0.905918
     0.066963     0.274418     0.182894     0.947848
     0.066963     0.365891    -0.182894     0.756506
     0.066963     0.365891    -0.146315     0.753120
     0.066963     0.365891    -0.109736     0.760547
     0.066963     0.365891    -0.073158     0.780392
     0.066963     0.365891    -0.036579     0.812943
     0.066963     0.365891     0.000000     0.857080
     0.066963     0.365891     0.036579     0.910191
     0.066963     0.365891     0.073158     0.968218
     0.066963     0.365891     0.109736     1.026322
     0.066963     0.365891     0.146315     1.079483
     0.066963     0.365891     0.182894     1.122714
     0.066963     0.457364    -0.182894     0.958760
     0.066963     0.457364    -0.146315     0.987303
     0.066963     0.457364    -0.109736     1.024133
     0.066963     0.457364    -0.073158     1.062775
     0.066963     0.457364    -0.036579     1.097197
     0.066963     0.457364     0.000000     1.124396
     0.066963     0.457364     0.036579     1.145569
     0.066963     0.457364     0.073158     1.164762
     0.066963     0.457364     0.109736     1.185986
     0.066963     0.457364     0.146315     1.210788
     0.066963     0.457364     0.182894     1.237318
     0.133925    -0.457364    -0.182894     0.819906
     0.133925    -0.457364    -0.146315     0.830250
     0.133925    -0.457364    -0.109736     0.857144
     0.133925    -0.457364    -0.073158     0.893949
     0.133925    -0.457364    -0.036579     0.936036
     0.133925    -0.457364     0.000000     0.982312
     0.133925    -0.457364     0.036579     1.033893
     0.133925    -0.457364     0.073158     1.091542
     0.133925    -0.457364     0.109736     1.154292
     0.133925    -0.457364     0.146315     1.219353
     0.133925    -0.457364     0.182894     1.282408
     0.133925    -0.365891    -0.182894     0.653254
     0.133925    -0.365891    -0.146315     0.632227
     0.133925    -0.365891    -0.109736     0.639352
     0.133925    -0.365891    -0.073158     0.673916
     0.133925    -0.365891    -0.036579     0.732109
     0.133925    -0.365891     0.000000     0.808630
     0.133925    -0.365891     0.036579     0.897102
     0.133925    -0.365891     0.073158     0.990073
     0.133925    -0.365891     0.109736     1.080061
     0.133925    -0.365891     0.146315     1.161127
     0.133925    -0.365891     0.182894     1.229313
     0.133925    -0.274418    -0.182894     0.540000
     0.133925    -0.274418    -0.146315     0.515251
     0.133925    -0.274418    -0.109736     0.520271
     0.133925    -0.274418    -0.073158     0.556353
     0.133925    -0.274418    -0.036579     0.619445
     0.133925    -0.274418     0.000000     0.702507
     0.133925    -0.274418     0.036579     0.797146
     0.133925    -0.274418     0.073158     0.894365
     0.133925    -0.274418     0.109736     0.985452
     0.133925    -0.274418     0.146315     1.062801
     0.133925    -0.274418     0.182894     1.121025
     0.133925    -0.182945    -0.182894     0.399516
     0.133925    -0.182945    -0.146315     0.405020
     0.133925    -0.182945    -0.109736     0.426915
     0.133925    -0.182945    -0.073158     0.463366
     0.133925    -0.182945    -0.036579     0.511521
     0.133925    -0.182945     0.000000     0.567577
     0.133925    -0.182945     0.036579     0.627251
     0.133925    -0.182945     0.073158     0.686319
     0.133925    -0.182945     0.109736     0.740922
     0.133925    -0.182945     0.146315     0.787619
     0.133925    -0.182945     0.182894     0.823513
     0.133925    -0.091473    -0.182894     0.376005
     0.133925    -0.091473    -0.146315     0.387397
     0.133925    -0.091473    -0.109736     0.399114
     0.133925    -0.091473    -0.073158     0.410258
     0.133925    -0.091473    -0.036579     0.419932
     0.133925    -0.091473     0.000000     0.427313
     0.133925    -0.091473     0.036579     0.431978
     0.133925    -0.091473     0.073158     0.434220
     0.133925    -0.091473     0.109736     0.434825
     0.133925    -0.091473     0.146315     0.434408
     0.133925    -0.091473     0.182894     0.432925
     0.133925     0.000000    -0.182894     0.409032
     0.133925     0.000000    -0.146315     0.411057
     0.133925     0.000000    -0.109736     0.411056
     0.133925     0.000000    -0.073158     0.408530
     0.133925     0.000000    -0.036579     0.402474
     0.133925     0.000000     0.000000     0.391557
     0.133925     0.000000     0.036579     0.374733
     0.133925     0.000000     0.073158     0.351899
     0.133925     0.000000     0.109736     0.324034
     0.133925     0.000000     0.146315     0.292921
     0.133925     0.000000     0.182894     0.261005
     0.133925     0.091473    -0.182894     0.375551
     0.133925     0.091473    -0.146315     0.386647
     0.133925     0.091473    -0.109736     0.398199
     0.133925     0.091473    -0.073158     0.409617
     0.133925     0.091473    -0.036579     0.420037
     0.133925     0.091473     0.000000     0.428176
     0.133925     0.091473     0.036579     0.433020
     0.133925     0.091473     0.073158     0.434783
     0.133925     0.091473     0.109736     0.434774
     0.133925     0.091473     0.146315     0.434111
     0.133925     0.091473     0.182894     0.432740
     0.133925     0.182945    -0.182894     0.399206
     0.133925     0.182945    -0.146315     0.404973
     0.133925     0.182945    -0.109736     0.426904
     0.133925     0.182945    -0.073158     0.462942
     0.133925     0.182945    -0.036579     0.510577
     0.133925     0.182945     0.000000     0.566563
     0.133925     0.182945     0.036579     0.626683
     0.133925     0.182945     0.073158     0.686268
     0.133925     0.182945     0.109736     0.741067
     0.133925     0.182945     0.146315     0.787618
     0.133925     0.182945     0.182894     0.823274
     0.133925     0.274418    -0.182894     0.540001
     0.133925     0.274418    -0.146315     0.515278
     0.133925     0.274418    -0.109736     0.520510
     0.133925     0.274418    -0.073158     0.557037
     0.133925     0.274418    -0.036579     0.620599
     0.133925     0.274418     0.000000     0.703793
     0.133925     0.274418     0.036579     0.798060
     0.133925     0.274418     0.073158     0.894652
     0.133925     0.274418     0.109736     0.985301
     0.133925     0.274418     0.146315     1.062609
     0.133925     0.274418     0.182894     1.120960
     0.133925     0.365891    -0.182894     0.652989
     0.133925     0.365891    -0.146315     0.631324
     0.133925     0.365891    -0.109736     0.638833
     0.133925     0.365891    -0.073158     0.675406
     0.133925     0.365891    -0.036579     0.736068
     0.133925     0.365891     0.000000     0.813394
     0.133925     0.365891     0.036579     0.900182
     0.133925     0.365891     0.073158     0.990384
     0.133925     0.365891     0.109736     1.078719
     0.133925     0.365891     0.146315     1.160049
     0.133925     0.365891     0.182894     1.229336
     0.133925     0.457364    -0.182894     0.819655
     0.133925     0.457364    -0.146315     0.829629
     0.133925     0.457364    -0.109736     0.856741
     0.133925     0.457364    -0.073158     0.894845
     0.133925     0.457364    -0.036579     0.938731
     0.133925     0.457364     0.000000     0.985825
     0.133925     0.457364     0.036579     1.036423
     0.133925     0.457364     0.073158     1.092174
     0.133925     0.457364     0.109736     1.153706
     0.133925     0.457364     0.146315     1.218821
     0.133925     0.457364     0.182894     1.282488
     0.200888    -0.457364    -0.182894     0.800849
     0.200888    -0.457364    -0.146315     0.773570
     0.200888    -0.457364    -0.109736     0.768587
     0.200888    -0.457364    -0.073158     0.785679
     0.200888    -0.457364    -0.036579     0.824147
     0.200888    -0.457364     0.000000     0.882264
     0.200888    -0.457364     0.036579     0.956452
     0.200888    -0.457364     0.073158     1.041384
     0.200888    -0.457364     0.109736     1.131116
     0.200888    -0.457364     0.146315     1.220231
     0.200888    -0.457364     0.182894     1.304131
     0.200888    -0.365891    -0.182894     0.694523
     0.200888    -0.365891    -0.146315     0.652849
     0.200888    -0.365891    -0.109736     0.646337
     0.200888    -0.365891    -0.073158     0.676972
     0.200888    -0.365891    -0.036579     0.739273
     0.200888    -0.365891     0.000000     0.823149
     0.200888    -0.365891     0.036579     0.918782
     0.200888    -0.365891     0.073158     1.018756
     0.200888    -0.365891     0.109736     1.117338
     0.200888    -0.365891     0.146315     1.209438
     0.200888    -0.365891     0.182894     1.290571
     0.200888    -0.274418    -0.182894     0.577592
     0.200888    -0.274418    -0.146315     0.547870
     0.200888    -0.274418    -0.109736     0.550639
     0.200888    -0.274418    -0.073158     0.587711
     0.200888    -0.274418    -0.036579     0.654292
     0.200888    -0.274418     0.000000     0.741326
     0.200888    -0.274418     0.036579     0.838821
     0.200888    -0.274418     0.073158     0.937974
     0.200888    -0.274418     0.109736     1.031685
     0.200888    -0.274418     0.146315     1.114156
     0.200888    -0.274418     0.182894     1.180675
     0.200888    -0.182945    -0.182894     0.542820
     0.200888    -0.182945    -0.146315     0.534093
     0.200888    -0.182945    -0.109736     0.535362
     0.200888    -0.182945    -0.073158     0.550363
     0.200888    -0.182945    -0.036579     0.581495
     0.200888    -0.182945     0.000000     0.628079
     0.200888    -0.182945     0.036579     0.686042
     0.200888    -0.182945     0.073158     0.748844
     0.200888    -0.182945     0.109736     0.809124
     0.200888    -0.182945     0.146315     0.860440
     0.200888    -0.182945     0.182894     0.898381
     0.200888    -0.091473    -0.182894     0.645078
     0.200888    -0.091473    -0.146315     0.625751
     0.200888    -0.091473    -0.109736     0.600741
     0.200888    -0.091473    -0.073158     0.573393
     0.200888    -0.091473    -0.036579     0.547543
     0.200888    -0.091473     0.000000     0.526594
     0.200888    -0.091473     0.036579     0.512659
     0.200888    -0.091473     0.073158     0.506147
     0.200888    -0.091473     0.109736     0.505905
     0.200888    -0.091473     0.146315     0.509739
     0.200888    -0.091473     0.182894     0.515139
     0.200888     0.000000    -0.182894     0.717029
     0.200888     0.000000    -0.146315     0.687374
     0.200888     0.000000    -0.109736     0.650132
     0.200888     0.000000    -0.073158     0.607664
     0.200888     0.000000    -0.036579     0.562139
     0.200888     0.000000     0.000000     0.515769
     0.200888     0.000000     0.036579     0.470851
     0.200888     0.000000     0.073158     0.429574
     0.200888     0.000000     0.109736     0.394154
     0.200888     0.000000     0.146315     0.367298
     0.200888     0.000000     0.182894     0.352272
     0.200888     0.091473    -0.182894     0.644827
     0.200888     0.091473    -0.146315     0.625439
     0.200888     0.091473    -0.109736     0.600448
     0.200888     0.091473    -0.073158     0.573169
     0.200888     0.091473    -0.036579     0.547381
     0.200888     0.091473     0.000000     0.526460
     0.200888     0.091473     0.036579     0.512532
     0.200888     0.091473     0.073158     0.506035
     0.200888     0.091473     0.109736     0.505806
     0.200888     0.091473     0.146315     0.509605
     0.200888     0.091473     0.182894     0.514918
     0.200888     0.182945    -0.182894     0.542891
     0.200888     0.182945    -0.146315     0.534179
     0.200888     0.182945    -0.109736     0.535251
     0.200888     0.182945    -0.073158     0.549893
     0.200888     0.182945    -0.036579     0.580791
     0.200888     0.182945     0.000000     0.627518
     0.200888     0.182945     0.036579     0.685825
     0.200888     0.182945     0.073158     0.748751
     0.200888     0.182945     0.109736     0.808810
     0.200888     0.182945     0.146315     0.859799
     0.200888     0.182945     0.182894     0.897567
     0.200888     0.274418    -0.182894     0.577285
     0.200888     0.274418    -0.146315     0.547640
     0.200888     0.274418    -0.109736     0.550253
     0.200888     0.274418    -0.073158     0.586899
     0.200888     0.274418    -0.036579     0.653022
     0.200888     0.274418     0.000000     0.740015
     0.200888     0.274418     0.036579     0.838069
     0.200888     0.274418     0.073158     0.937974
     0.200888     0.274418     0.109736     1.032014
     0.200888     0.274418     0.146315     1.114217
     0.200888     0.274418     0.182894     1.180250
     0.200888     0.365891    -0.182894     0.694684
     0.200888     0.365891    -0.146315     0.653127
     0.200888     0.365891    -0.109736     0.646490
     0.200888     0.365891    -0.073158     0.676715
     0.200888     0.365891    -0.036579     0.738659
     0.200888     0.365891     0.000000     0.822421
     0.200888     0.365891     0.036579     0.918114
     0.200888     0.365891     0.073158     1.018282
     0.200888     0.365891     0.109736     1.117194
     0.200888     0.365891     0.146315     1.209670
     0.200888     0.365891     0.182894     1.291064
     0.200888     0.457364    -0.182894     0.800940
     0.200888     0.457364    -0.146315     0.773213
     0.200888     0.457364    -0.109736     0.768330
     0.200888     0.457364    -0.073158     0.786796
     0.200888     0.457364    -0.036579     0.827369
     0.200888     0.457364     0.000000     0.886538
     0.200888     0.457364     0.036579     0.959637
     0.200888     0.457364     0.073158     1.042293
     0.200888     0.457364     0.109736     1.130457
     0.200888     0.457364     0.146315     1.219525
     0.200888     0.457364     0.182894     1.304129
     0.267851    -0.457364    -0.182894     0.860827
     0.267851    -0.457364    -0.146315     0.817692
     0.267851    -0.457364    -0.109736     0.794378
     0.267851    -0.457364    -0.073158     0.795202
     0.267851    -0.457364    -0.036579     0.822756
     0.267851    -0.457364     0.000000     0.876112
     0.267851    -0.457364     0.036579     0.950389
     0.267851    -0.457364     0.073158     1.038285
     0.267851    -0.457364     0.109736     1.132422
     0.267851    -0.457364     0.146315     1.226709
     0.267851    -0.457364     0.182894     1.316257
     0.267851    -0.365891    -0.182894     0.734877
     0.267851    -0.365891    -0.146315     0.705592
     0.267851    -0.365891    -0.109736     0.705367
     0.267851    -0.365891    -0.073158     0.733932
     0.267851    -0.365891    -0.036579     0.787528
     0.267851    -0.365891     0.000000     0.859574
     0.267851    -0.365891     0.036579     0.943200
     0.267851    -0.365891     0.073158     1.033080
     0.267851    -0.365891     0.109736     1.124894
     0.267851    -0.365891     0.146315     1.213985
     0.267851    -0.365891     0.182894     1.295132
     0.267851    -0.274418    -0.182894     0.686282
     0.267851    -0.274418    -0.146315     0.677575
     0.267851    -0.274418    -0.109736     0.689545
     0.267851    -0.274418    -0.073158     0.721766
     0.267851    -0.274418    -0.036579     0.771836
     0.267851    -0.274418     0.000000     0.835853
     0.267851    -0.274418     0.036579     0.909049
     0.267851    -0.274418     0.073158     0.986355
     0.267851    -0.274418     0.109736     1.062667
     0.267851    -0.274418     0.146315     1.132796
     0.267851    -0.274418     0.182894     1.191625
     0.267851    -0.182945    -0.182894     0.779959
     0.267851    -0.182945    -0.146315     0.766302
     0.267851    -0.182945    -0.109736     0.752272
     0.267851    -0.182945    -0.073158     0.743094
     0.267851    -0.182945    -0.036579     0.744279
     0.267851    -0.182945     0.000000     0.759333
     0.267851    -0.182945     0.036579     0.788061
     0.267851    -0.182945     0.073158     0.826425
     0.267851    -0.182945     0.109736     0.867941
     0.267851    -0.182945     0.146315     0.905705
     0.267851    -0.182945     0.182894     0.934135
     0.267851    -0.091473    -0.182894     0.919341
     0.267851    -0.091473    -0.146315     0.880729
     0.267851    -0.091473    -0.109736     0.828941
     0.267851    -0.091473    -0.073158     0.768879
     0.267851    -0.091473    -0.036579     0.707168
     0.267851    -0.091473     0.000000     0.651169
     0.267851    -0.091473     0.036579     0.607385
     0.267851    -0.091473     0.073158     0.579658
     0.267851    -0.091473     0.109736     0.568109
     0.267851    -0.091473     0.146315     0.569697
     0.267851    -0.091473     0.182894     0.580107
     0.267851     0.000000    -0.182894     1.011196
     0.267851     0.000000    -0.146315     0.966314
     0.267851     0.000000    -0.109736     0.907599
     0.267851     0.000000    -0.073158     0.837417
     0.267851     0.000000    -0.036579     0.758879
     0.267851     0.000000     0.000000     0.677680
     0.267851     0.000000     0.036579     0.603429
     0.267851     0.000000     0.073158     0.541053
     0.267851     0.000000     0.109736     0.498799
     0.267851     0.000000     0.146315     0.481513
     0.267851     0.000000     0.182894     0.489941
     0.267851     0.091473    -0.182894     0.919538
     0.267851     0.091473    -0.146315     0.881420
     0.267851     0.091473    -0.109736     0.829883
     0.267851     0.091473    -0.073158     0.769402
     0.267851     0.091473    -0.036579     0.706711
     0.267851     0.091473     0.000000     0.649785
     0.267851     0.091473     0.036579     0.605780
     0.267851     0.091473     0.073158     0.578688
     0.267851     0.091473     0.109736     0.568066
     0.267851     0.091473     0.146315     0.570123
     0.267851     0.091473     0.182894     0.580418
     0.267851     0.182945    -0.182894     0.779992
     0.267851     0.182945    -0.146315     0.766152
     0.267851     0.182945    -0.109736     0.752051
     0.267851     0.182945    -0.073158     0.743070
     0.267851     0.182945    -0.036579     0.744646
     0.267851     0.182945     0.000000     0.760023
     0.267851     0.182945     0.036579     0.788763
     0.267851     0.182945     0.073158     0.826814
     0.267851     0.182945     0.109736     0.867952
     0.267851     0.182945     0.146315     0.905556
     0.267851     0.182945     0.182894     0.934050
     0.267851     0.274418    -0.182894     0.685921
     0.267851     0.274418    -0.146315     0.677149
     0.267851     0.274418    -0.109736     0.688748
     0.267851     0.274418    -0.073158     0.720357
     0.267851     0.274418    -0.036579     0.769944
     0.267851     0.274418     0.000000     0.834107
     0.267851     0.274418     0.036579     0.908195
     0.267851     0.274418     0.073158     0.986589
     0.267851     0.274418     0.109736     1.063395
     0.267851     0.274418     0.146315     1.133172
     0.267851     0.274418     0.182894     1.191293
     0.267851     0.365891    -0.182894     0.734083
     0.267851     0.365891    -0.146315     0.704889
     0.267851     0.365891    -0.109736     0.704241
     0.267851     0.365891    -0.073158     0.731631
     0.267851     0.365891    -0.036579     0.783930
     0.267851     0.365891     0.000000     0.855722
     0.267851     0.365891     0.036579     0.940648
     0.267851     0.365891     0.073158     1.032552
     0.267851     0.365891     0.109736     1.125693
     0.267851     0.365891     0.146315     1.214777
     0.267851     0.365891     0.182894     1.295200
     0.267851     0.457364    -0.182894     0.860725
     0.267851     0.457364    -0.146315     0.817537
     0.267851     0.457364    -0.109736     0.794396
     0.267851     0.457364    -0.073158     0.795741
     0.267851     0.457364    -0.036579     0.823850
     0.267851     0.457364     0.000000     0.877352
     0.267851     0.457364     0.036579     0.951277
     0.267851     0.457364     0.073158     1.038599
     0.267851     0.457364     0.109736     1.132277
     0.267851     0.457364     0.146315     1.226381
     0.267851     0.457364     0.182894     1.315962
     0.334813    -0.457364    -0.182894     0.893802
     0.334813    -0.457364    -0.146315     0.860690
     0.334813    -0.457364    -0.109736     0.843051
     0.334813    -0.457364    -0.073158     0.843390
     0.334813    -0.457364    -0.036579     0.863281
     0.334813    -0.457364     0.000000     0.902757
     0.334813    -0.457364     0.036579     0.960119
     0.334813    -0.457364     0.073158     1.032179
     0.334813    -0.457364     0.109736     1.114764
     0.334813    -0.457364     0.146315     1.202959
     0.334813    -0.457364     0.182894     1.291189
     0.334813    -0.365891    -0.182894     0.832411
     0.334813    -0.365891    -0.146315     0.839823
     0.334813    -0.365891    -0.109736     0.863962
     0.334813    -0.365891    -0.073158     0.898693
     0.334813    -0.365891    -0.036579     0.939686
     0.334813    -0.365891     0.000000     0.985196
     0.334813    -0.365891     0.036579     1.035750
     0.334813    -0.365891     0.073158     1.092757
     0.334813    -0.365891     0.109736     1.156462
     0.334813    -0.365891     0.146315     1.224546
     0.334813    -0.365891     0.182894     1.292218
     0.334813    -0.274418    -0.182894     0.884218
     0.334813    -0.274418    -0.146315     0.900500
     0.334813    -0.274418    -0.109736     0.926669
     0.334813    -0.274418    -0.073158     0.958860
     0.334813    -0.274418    -0.036579     0.993045
     0.334813    -0.274418     0.000000     1.026902
     0.334813    -0.274418     0.036579     1.060585
     0.334813    -0.274418     0.073158     1.095694
     0.334813    -0.274418     0.109736     1.133219
     0.334813    -0.274418     0.146315     1.171938
     0.334813    -0.274418     0.182894     1.208150
     0.334813    -0.182945    -0.182894     1.010847
     0.334813    -0.182945    -0.146315     0.996062
     0.334813    -0.182945    -0.109736     0.978057
     0.334813    -0.182945    -0.073158     0.960737
     0.334813    -0.182945    -0.036579     0.947030
     0.334813    -0.182945     0.000000     0.938239
     0.334813    -0.182945     0.036579     0.934651
     0.334813    -0.182945     0.073158     0.936291
     0.334813    -0.182945     0.109736     0.942514
     0.334813    -0.182945     0.146315     0.951236
     0.334813    -0.182945     0.182894     0.959292
     0.334813    -0.091473    -0.182894     1.120389
     0.334813    -0.091473    -0.146315     1.067015
     0.334813    -0.091473    -0.109736     1.000010
     0.334813    -0.091473    -0.073158     0.924637
     0.334813    -0.091473    -0.036579     0.846916
     0.334813    -0.091473     0.000000     0.773310
     0.334813    -0.091473     0.036579     0.710328
     0.334813    -0.091473     0.073158     0.663605
     0.334813    -0.091473     0.109736     0.636751
     0.334813    -0.091473     0.146315     0.630409
     0.334813    -0.091473     0.182894     0.642318
     0.334813     0.000000    -0.182894     1.202672
     0.334813     0.000000    -0.146315     1.129678
     0.334813     0.000000    -0.109736     1.042353
     0.334813     0.000000    -0.073158     0.944637
     0.334813     0.000000    -0.036579     0.842126
     0.334813     0.000000     0.000000     0.742280
     0.334813     0.000000     0.036579     0.654430
     0.334813     0.000000     0.073158     0.589178
     0.334813     0.000000     0.109736     0.556294
     0.334813     0.000000     0.146315     0.560820
     0.334813     0.000000     0.182894     0.600131
     0.334813     0.091473    -0.182894     1.120876
     0.334813     0.091473    -0.146315     1.068445
     0.334813     0.091473    -0.109736     1.001698
     0.334813     0.091473    -0.073158     0.925080
     0.334813     0.091473    -0.036579     0.845103
     0.334813     0.091473     0.000000     0.769837
     0.334813     0.091473     0.036579     0.707061
     0.334813     0.091473     0.073158     0.662123
     0.334813     0.091473     0.109736     0.637094
     0.334813     0.091473     0.146315     0.631393
     0.334813     0.091473     0.182894     0.642919
     0.334813     0.182945    -0.182894     1.010813
     0.334813     0.182945    -0.146315     0.995803
     0.334813     0.182945    -0.109736     0.978005
     0.334813     0.182945    -0.073158     0.961503
     0.334813     0.182945    -0.036579     0.948713
     0.334813     0.182945     0.000000     0.940157
     0.334813     0.182945     0.036579     0.935922
     0.334813     0.182945     0.073158     0.936613
     0.334813     0.182945     0.109736     0.942327
     0.334813     0.182945     0.146315     0.951232
     0.334813     0.182945     0.182894     0.959801
     0.334813     0.274418    -0.182894     0.884209
     0.334813     0.274418    -0.146315     0.900515
     0.334813     0.274418    -0.109736     0.926751
     0.334813     0.274418    -0.073158     0.959009
     0.334813     0.274418    -0.036579     0.993253
     0.334813     0.274418     0.000000     1.027136
     0.334813     0.274418     0.036579     1.060762
     0.334813     0.274418     0.073158     1.095740
     0.334813     0.274418     0.109736     1.133160
     0.334813     0.274418     0.146315     1.171882
     0.334813     0.274418     0.182894     1.208173
     0.334813     0.365891    -0.182894     0.831953
     0.334813     0.365891    -0.146315     0.839349
     0.334813     0.365891    -0.109736     0.863350
     0.334813     0.365891    -0.073158     0.897788
     0.334813     0.365891    -0.036579     0.938425
     0.334813     0.365891     0.000000     0.983874
     0.334813     0.365891     0.036579     1.034918
     0.334813     0.365891     0.073158     1.092687
     0.334813     0.365891     0.109736     1.156863
     0.334813     0.365891     0.146315     1.224858
     0.334813     0.365891     0.182894     1.292138
     0.334813     0.457364    -0.182894     0.893045
     0.334813     0.457364    -0.146315     0.860281
     0.334813     0.457364    -0.109736     0.842912
     0.334813     0.457364    -0.073158     0.843019
     0.334813     0.457364    -0.036579     0.862267
     0.334813     0.457364     0.000000     0.901354
     0.334813     0.457364     0.036579     0.959088
     0.334813     0.457364     0.073158     1.032003
     0.334813     0.457364     0.109736     1.115127
     0.334813     0.457364     0.146315     1.203125
     0.334813     0.457364     0.182894     1.290779


